1736866232246 0.0 0
1736866232262 1.0 1
1736866232278 2.0 2
1736866232295 3.0 3
1736866232309 4.0 4
1736866232323 5.0 5
1736866232337 6.0 6
1736866232352 7.0 7
1736866232366 8.0 8
1736866232381 9.0 9
1736866236232 0.0 0
1736866236242 1.0 1
1736866236252 2.0 2
1736866236261 3.0 3
1736866236271 4.0 4
1736866236280 5.0 5
1736866236289 6.0 6
1736866236297 7.0 7
1736866236306 8.0 8
1736866236315 9.0 9
1736866240537 0.0 0
1736866240547 1.0 1
1736866240557 2.0 2
1736866240566 3.0 3
1736866240574 4.0 4
1736866240584 5.0 5
1736866240592 6.0 6
1736866240601 7.0 7
1736866240609 8.0 8
1736866240619 9.0 9
1736866244964 0.0 0
1736866244985 1.0 1
1736866245001 2.0 2
1736866245015 3.0 3
1736866245029 4.0 4
1736866245043 5.0 5
1736866245057 6.0 6
1736866245071 7.0 7
1736866245086 8.0 8
1736866245100 9.0 9
1736866250530 0.0 0
1736866250539 1.0 1
1736866250549 2.0 2
1736866250559 3.0 3
1736866250568 4.0 4
1736866250577 5.0 5
1736866250586 6.0 6
1736866250594 7.0 7
1736866250603 8.0 8
1736866250612 9.0 9
1736866254674 0.0 0
1736866254684 1.0 1
1736866254695 2.0 2
1736866254707 3.0 3
1736866254716 4.0 4
1736866254727 5.0 5
1736866254739 6.0 6
1736866254750 7.0 7
1736866254762 8.0 8
1736866254772 9.0 9
1736866258863 0.0 0
1736866258878 1.0 1
1736866258894 2.0 2
1736866258906 3.0 3
1736866258915 4.0 4
1736866258925 5.0 5
1736866258934 6.0 6
1736866258943 7.0 7
1736866258953 8.0 8
1736866258964 9.0 9
1736866264582 0.0 0
1736866264597 1.0 1
1736866264615 2.0 2
1736866264630 3.0 3
1736866264647 4.0 4
1736866264662 5.0 5
1736866264675 6.0 6
1736866264693 7.0 7
1736866264706 8.0 8
1736866264725 9.0 9
1736866269997 0.0 0
1736866270011 1.0 1
1736866270026 2.0 2
1736866270044 3.0 3
1736866270060 4.0 4
1736866270074 5.0 5
1736866270085 6.0 6
1736866270095 7.0 7
1736866270104 8.0 8
1736866270114 9.0 9
1736866274775 0.0 0
1736866274796 1.0 1
1736866274810 2.0 2
1736866274823 3.0 3
1736866274837 4.0 4
1736866274850 5.0 5
1736866274866 6.0 6
1736866274879 7.0 7
1736866274893 8.0 8
1736866274906 9.0 9
