1736866232246 0.6774795055389404 0
1736866232262 0.6355264186859131 1
1736866232278 0.6461435556411743 2
1736866232295 0.6634321212768555 3
1736866232309 0.6337143182754517 4
1736866232323 0.5699931383132935 5
1736866232337 0.7385969161987305 6
1736866232352 0.6042677760124207 7
1736866232366 0.6058852076530457 8
1736866232381 0.6188536882400513 9
1736866236232 0.5963733792304993 0
1736866236242 0.6220327615737915 1
1736866236252 0.5379241704940796 2
1736866236261 0.7798782587051392 3
1736866236271 0.4817465543746948 4
1736866236280 0.517207682132721 5
1736866236289 0.7125088572502136 6
1736866236297 0.3945566713809967 7
1736866236306 0.7665668725967407 8
1736866236315 0.6990452408790588 9
1736866240537 0.49547094106674194 0
1736866240547 0.38335520029067993 1
1736866240557 0.4541926681995392 2
1736866240566 0.4458632171154022 3
1736866240574 0.36810043454170227 4
1736866240584 0.603696346282959 5
1736866240592 0.5871270895004272 6
1736866240601 0.5140284895896912 7
1736866240609 0.6516872048377991 8
1736866240619 0.3979089558124542 9
1736866244964 0.5037264823913574 0
1736866244985 0.6245113611221313 1
1736866245001 0.7052533030509949 2
1736866245015 0.5862107872962952 3
1736866245029 0.5397822856903076 4
1736866245043 0.517820417881012 5
1736866245057 0.3443407714366913 6
1736866245071 0.5802487730979919 7
1736866245086 0.6022686958312988 8
1736866245100 0.7231276631355286 9
1736866250530 0.6240092515945435 0
1736866250539 0.5428734421730042 1
1736866250549 0.6547800898551941 2
1736866250559 0.44232574105262756 3
1736866250568 0.6513979434967041 4
1736866250577 0.6054532527923584 5
1736866250586 0.5253225564956665 6
1736866250594 0.5121932625770569 7
1736866250603 0.529700517654419 8
1736866250612 0.5434973239898682 9
1736866254674 0.4645536541938782 0
1736866254684 0.567338764667511 1
1736866254695 0.7727165222167969 2
1736866254707 0.5782016515731812 3
1736866254716 0.5799176692962646 4
1736866254727 0.27872592210769653 5
1736866254739 0.4756917953491211 6
1736866254750 0.6578047871589661 7
1736866254762 0.8097224831581116 8
1736866254772 0.5118617415428162 9
1736866258863 0.5799764394760132 0
1736866258878 0.5463001728057861 1
1736866258894 0.5195190906524658 2
1736866258906 0.6451523303985596 3
1736866258915 0.4277370572090149 4
1736866258925 0.32965996861457825 5
1736866258934 0.41098418831825256 6
1736866258943 0.31531861424446106 7
1736866258953 0.46221381425857544 8
1736866258964 0.35920804738998413 9
1736866264582 0.4595482051372528 0
1736866264597 0.5687495470046997 1
1736866264615 0.5654280781745911 2
1736866264630 0.4582265019416809 3
1736866264647 0.40473172068595886 4
1736866264662 0.49925440549850464 5
1736866264675 0.5498515963554382 6
1736866264693 0.6269577741622925 7
1736866264706 0.5042858123779297 8
1736866264725 0.6357920169830322 9
1736866269997 0.4705236256122589 0
1736866270011 0.4012152850627899 1
1736866270026 0.6030496954917908 2
1736866270044 0.3485880494117737 3
1736866270060 0.4000132977962494 4
1736866270074 0.35602694749832153 5
1736866270085 0.4159093201160431 6
1736866270095 0.3004310429096222 7
1736866270104 0.4823284447193146 8
1736866270114 0.5516471266746521 9
1736866274775 0.38251689076423645 0
1736866274796 0.7196459174156189 1
1736866274810 0.6214745044708252 2
1736866274823 0.39744365215301514 3
1736866274837 0.5902841091156006 4
1736866274850 0.48187634348869324 5
1736866274866 0.3951393961906433 6
1736866274879 0.2926020622253418 7
1736866274893 0.33003106713294983 8
1736866274906 0.523215115070343 9
