1738182403282 0.0 0
1738182403305 1.0 1
1738182403328 2.0 2
1738182403347 3.0 3
1738182403369 4.0 4
1738182403388 5.0 5
1738182403407 6.0 6
1738182403428 7.0 7
1738182403442 8.0 8
1738182403459 9.0 9
1738182461077 0.0 0
1738182461101 1.0 1
1738182461126 2.0 2
1738182461151 3.0 3
1738182461172 4.0 4
1738182461198 5.0 5
1738182461219 6.0 6
1738182461242 7.0 7
1738182461263 8.0 8
1738182461285 9.0 9
1738182518776 0.0 0
1738182518795 1.0 1
1738182518815 2.0 2
1738182518835 3.0 3
1738182518858 4.0 4
1738182518878 5.0 5
1738182518897 6.0 6
1738182518916 7.0 7
1738182518941 8.0 8
1738182518960 9.0 9
1738182574786 0.0 0
1738182574816 1.0 1
1738182574841 2.0 2
1738182574862 3.0 3
1738182574886 4.0 4
1738182574908 5.0 5
1738182574927 6.0 6
1738182574949 7.0 7
1738182574969 8.0 8
1738182574990 9.0 9
1738182637965 0.0 0
1738182637988 1.0 1
1738182638010 2.0 2
1738182638030 3.0 3
1738182638050 4.0 4
1738182638069 5.0 5
1738182638089 6.0 6
1738182638109 7.0 7
1738182638129 8.0 8
1738182638159 9.0 9
1738182687432 0.0 0
1738182687446 1.0 1
1738182687463 2.0 2
1738182687478 3.0 3
1738182687493 4.0 4
1738182687507 5.0 5
1738182687522 6.0 6
1738182687535 7.0 7
1738182687548 8.0 8
1738182687562 9.0 9
1738182727378 0.0 0
1738182727399 1.0 1
1738182727422 2.0 2
1738182727444 3.0 3
1738182727472 4.0 4
1738182727492 5.0 5
1738182727515 6.0 6
1738182727537 7.0 7
1738182727559 8.0 8
1738182727579 9.0 9
1738182772572 0.0 0
1738182772585 1.0 1
1738182772599 2.0 2
1738182772614 3.0 3
1738182772628 4.0 4
1738182772642 5.0 5
1738182772656 6.0 6
1738182772670 7.0 7
1738182772683 8.0 8
1738182772697 9.0 9
1738182815138 0.0 0
1738182815153 1.0 1
1738182815166 2.0 2
1738182815179 3.0 3
1738182815198 4.0 4
1738182815212 5.0 5
1738182815227 6.0 6
1738182815240 7.0 7
1738182815255 8.0 8
1738182815269 9.0 9
1738182856751 0.0 0
1738182856775 1.0 1
1738182856797 2.0 2
1738182856820 3.0 3
1738182856840 4.0 4
1738182856861 5.0 5
1738182856893 6.0 6
1738182856919 7.0 7
1738182856939 8.0 8
1738182856959 9.0 9
