1738182403282 0.9939470291137695 0
1738182403305 0.5399585962295532 1
1738182403328 0.5099157691001892 2
1738182403347 0.35664618015289307 3
1738182403369 0.46645063161849976 4
1738182403388 0.2438439279794693 5
1738182403407 0.2632739841938019 6
1738182403428 0.11526279896497726 7
1738182403442 0.28183308243751526 8
1738182403459 0.18047843873500824 9
1738182461077 0.5410428643226624 0
1738182461101 0.48174747824668884 1
1738182461126 0.38766658306121826 2
1738182461151 0.36471837759017944 3
1738182461172 0.20234724879264832 4
1738182461198 0.17573857307434082 5
1738182461219 0.09395318478345871 6
1738182461242 0.17857687175273895 7
1738182461263 0.11832114309072495 8
1738182461285 0.10388439148664474 9
1738182518776 0.5744889974594116 0
1738182518795 0.43713366985321045 1
1738182518815 0.4385461211204529 2
1738182518835 0.2524459958076477 3
1738182518858 0.20598705112934113 4
1738182518878 0.16042958199977875 5
1738182518897 0.12457826733589172 6
1738182518916 0.08583877980709076 7
1738182518941 0.057956043630838394 8
1738182518960 0.06992321461439133 9
1738182574786 0.5393134355545044 0
1738182574816 0.5511618852615356 1
1738182574841 0.3396204710006714 2
1738182574862 0.27191370725631714 3
1738182574886 0.2978799641132355 4
1738182574908 0.18895164132118225 5
1738182574927 0.139923557639122 6
1738182574949 0.09186863899230957 7
1738182574969 0.1480647325515747 8
1738182574990 0.08029629290103912 9
1738182637965 0.3889312148094177 0
1738182637988 0.7729102373123169 1
1738182638010 0.584551215171814 2
1738182638030 0.4649944305419922 3
1738182638050 0.6238979697227478 4
1738182638069 0.36496177315711975 5
1738182638089 0.32509008049964905 6
1738182638109 0.44090402126312256 7
1738182638129 0.2009870857000351 8
1738182638159 0.17819656431674957 9
1738182687432 0.6012037992477417 0
1738182687446 0.41117823123931885 1
1738182687463 0.44073253870010376 2
1738182687478 0.3683817684650421 3
1738182687493 0.43037235736846924 4
1738182687507 0.12147121876478195 5
1738182687522 0.2275984287261963 6
1738182687535 0.3465591073036194 7
1738182687548 0.16599225997924805 8
1738182687562 0.1411392092704773 9
1738182727378 0.48785606026649475 0
1738182727399 0.7597788572311401 1
1738182727422 0.5115755796432495 2
1738182727444 0.5818812847137451 3
1738182727472 0.33299317955970764 4
1738182727492 0.2496066689491272 5
1738182727515 0.2235189825296402 6
1738182727537 0.14993709325790405 7
1738182727559 0.2728142738342285 8
1738182727579 0.2828608751296997 9
1738182772572 0.41231468319892883 0
1738182772585 0.2929125428199768 1
1738182772599 0.566852867603302 2
1738182772614 0.504309892654419 3
1738182772628 0.32633987069129944 4
1738182772642 0.4470371901988983 5
1738182772656 0.2563457787036896 6
1738182772670 0.20451362431049347 7
1738182772683 0.23604682087898254 8
1738182772697 0.181913360953331 9
1738182815138 0.20253624022006989 0
1738182815153 0.27123168110847473 1
1738182815166 0.27305835485458374 2
1738182815179 0.3344634771347046 3
1738182815198 0.19116352498531342 4
1738182815212 0.32772356271743774 5
1738182815227 0.06836050748825073 6
1738182815240 0.3907235860824585 7
1738182815255 0.2082071304321289 8
1738182815269 0.24799233675003052 9
1738182856751 0.44060012698173523 0
1738182856775 0.34666505455970764 1
1738182856797 0.1217251718044281 2
1738182856820 0.17141343653202057 3
1738182856840 0.2917626202106476 4
1738182856861 0.4611988067626953 5
1738182856893 0.22366508841514587 6
1738182856919 0.2531528174877167 7
1738182856939 0.3091272711753845 8
1738182856959 0.23371216654777527 9
