1737639059731 0.6136369109153748 0
1737639059754 0.5662036538124084 1
1737639059778 0.6366128325462341 2
1737639059799 0.7717661261558533 3
1737639059828 0.552794337272644 4
1737639059851 0.6093982458114624 5
1737639059871 0.6941995024681091 6
1737639059891 0.7606858015060425 7
1737639059914 0.825244665145874 8
1737639059935 0.6250199675559998 9
1737639074956 0.5688310265541077 0
1737639074978 0.6557846069335938 1
1737639075000 0.5583525896072388 2
1737639075031 0.4911932945251465 3
1737639075059 0.5133397579193115 4
1737639075086 0.6791298389434814 5
1737639075107 0.7308179140090942 6
1737639075128 0.4632408022880554 7
1737639075154 0.8765844106674194 8
1737639075179 0.47214454412460327 9
