1736970864311 0.0 0
1736970864326 1.0 1
1736970864338 2.0 2
1736970864349 3.0 3
1736970864363 4.0 4
1736970864375 5.0 5
1736970864386 6.0 6
1736970864397 7.0 7
1736970864409 8.0 8
1736970864419 9.0 9
1736970868481 0.0 0
1736970868491 1.0 1
1736970868502 2.0 2
1736970868512 3.0 3
1736970868522 4.0 4
1736970868532 5.0 5
1736970868542 6.0 6
1736970868551 7.0 7
1736970868562 8.0 8
1736970868572 9.0 9
1736970872697 0.0 0
1736970872708 1.0 1
1736970872719 2.0 2
1736970872730 3.0 3
1736970872741 4.0 4
1736970872752 5.0 5
1736970872763 6.0 6
1736970872775 7.0 7
1736970872786 8.0 8
1736970872802 9.0 9
1736970878835 0.0 0
1736970878855 1.0 1
1736970878871 2.0 2
1736970878888 3.0 3
1736970878904 4.0 4
1736970878922 5.0 5
1736970878938 6.0 6
1736970878953 7.0 7
1736970878968 8.0 8
1736970878984 9.0 9
1736970883754 0.0 0
1736970883765 1.0 1
1736970883776 2.0 2
1736970883787 3.0 3
1736970883798 4.0 4
1736970883809 5.0 5
1736970883819 6.0 6
1736970883830 7.0 7
1736970883840 8.0 8
1736970883851 9.0 9
1736970888353 0.0 0
1736970888364 1.0 1
1736970888375 2.0 2
1736970888386 3.0 3
1736970888396 4.0 4
1736970888407 5.0 5
1736970888418 6.0 6
1736970888428 7.0 7
1736970888439 8.0 8
1736970888450 9.0 9
1736970894209 0.0 0
1736970894226 1.0 1
1736970894243 2.0 2
1736970894266 3.0 3
1736970894283 4.0 4
1736970894302 5.0 5
1736970894321 6.0 6
1736970894338 7.0 7
1736970894357 8.0 8
1736970894375 9.0 9
1736970900333 0.0 0
1736970900345 1.0 1
1736970900356 2.0 2
1736970900367 3.0 3
1736970900379 4.0 4
1736970900390 5.0 5
1736970900401 6.0 6
1736970900413 7.0 7
1736970900426 8.0 8
1736970900438 9.0 9
1736970905215 0.0 0
1736970905225 1.0 1
1736970905236 2.0 2
1736970905246 3.0 3
1736970905257 4.0 4
1736970905269 5.0 5
1736970905280 6.0 6
1736970905293 7.0 7
1736970905306 8.0 8
1736970905319 9.0 9
1736970911634 0.0 0
1736970911650 1.0 1
1736970911665 2.0 2
1736970911681 3.0 3
1736970911698 4.0 4
1736970911714 5.0 5
1736970911733 6.0 6
1736970911749 7.0 7
1736970911764 8.0 8
1736970911782 9.0 9
