1736970864311 0.7369675040245056 0
1736970864326 0.5748934745788574 1
1736970864338 0.5038858652114868 2
1736970864349 0.6188441514968872 3
1736970864363 0.7012796401977539 4
1736970864375 0.6609882712364197 5
1736970864386 0.5693051815032959 6
1736970864397 0.5024586319923401 7
1736970864409 0.5046456456184387 8
1736970864419 0.42980003356933594 9
1736970868481 0.5370886921882629 0
1736970868491 0.6474557518959045 1
1736970868502 0.5302701592445374 2
1736970868512 0.30597561597824097 3
1736970868522 0.46176400780677795 4
1736970868532 0.5090155005455017 5
1736970868542 0.5311449766159058 6
1736970868551 0.4988197684288025 7
1736970868562 0.5687791109085083 8
1736970868572 0.5123380422592163 9
1736970872697 0.43297597765922546 0
1736970872708 0.6740790009498596 1
1736970872719 0.8656321167945862 2
1736970872730 0.8819675445556641 3
1736970872741 0.6835778951644897 4
1736970872752 0.5301266312599182 5
1736970872763 0.6588809490203857 6
1736970872775 0.5645180344581604 7
1736970872786 0.5265083909034729 8
1736970872802 0.5558493733406067 9
1736970878835 0.84403395652771 0
1736970878855 0.5032399296760559 1
1736970878871 0.5764529705047607 2
1736970878888 0.5524248480796814 3
1736970878904 0.4738861322402954 4
1736970878922 0.48637640476226807 5
1736970878938 0.7347918748855591 6
1736970878953 0.7751064896583557 7
1736970878968 0.6311925649642944 8
1736970878984 0.6015079021453857 9
1736970883754 0.5282642245292664 0
1736970883765 0.5905473232269287 1
1736970883776 0.6448310613632202 2
1736970883787 0.7248567938804626 3
1736970883798 0.7527968287467957 4
1736970883809 0.6588469743728638 5
1736970883819 0.6150256395339966 6
1736970883830 0.5007930994033813 7
1736970883840 0.5634121298789978 8
1736970883851 0.6775795221328735 9
1736970888353 0.4532080888748169 0
1736970888364 0.5582210421562195 1
1736970888375 0.564807653427124 2
1736970888386 0.4736264646053314 3
1736970888396 0.5971499681472778 4
1736970888407 0.7760207653045654 5
1736970888418 0.38760489225387573 6
1736970888428 0.5468622446060181 7
1736970888439 0.5500860810279846 8
1736970888450 0.3532674014568329 9
1736970894209 0.7065070867538452 0
1736970894226 0.37284332513809204 1
1736970894243 0.5428635478019714 2
1736970894266 0.3525773286819458 3
1736970894283 0.416380375623703 4
1736970894302 0.5010455846786499 5
1736970894321 0.43072181940078735 6
1736970894338 0.609616219997406 7
1736970894357 0.3793337941169739 8
1736970894375 0.2716638743877411 9
1736970900333 0.3738333284854889 0
1736970900345 0.27373218536376953 1
1736970900356 0.5427677631378174 2
1736970900367 0.5344046354293823 3
1736970900379 0.43876898288726807 4
1736970900390 0.3937964141368866 5
1736970900401 0.43875473737716675 6
1736970900413 0.3368176817893982 7
1736970900426 0.3248094320297241 8
1736970900438 0.41916659474372864 9
1736970905215 0.4521583318710327 0
1736970905225 0.4558066129684448 1
1736970905236 0.35060805082321167 2
1736970905246 0.3760984241962433 3
1736970905257 0.35541656613349915 4
1736970905269 0.2844931483268738 5
1736970905280 0.43275922536849976 6
1736970905293 0.6771255135536194 7
1736970905306 0.1875051110982895 8
1736970905319 0.3899703621864319 9
1736970911634 0.4838978350162506 0
1736970911650 0.5208863019943237 1
1736970911665 0.44508445262908936 2
1736970911681 0.4144552946090698 3
1736970911698 0.377099871635437 4
1736970911714 0.4211302101612091 5
1736970911733 0.4251321256160736 6
1736970911749 0.3111437261104584 7
1736970911764 0.29028448462486267 8
1736970911782 0.4500459134578705 9
