1738668489837 0.0 0
1738668489852 1.0 1
1738668489867 2.0 2
1738668489881 3.0 3
1738668489895 4.0 4
1738668489908 5.0 5
1738668489922 6.0 6
1738668489936 7.0 7
1738668489949 8.0 8
1738668489962 9.0 9
1738668550058 0.0 0
1738668550074 1.0 1
1738668550088 2.0 2
1738668550102 3.0 3
1738668550116 4.0 4
1738668550129 5.0 5
1738668550145 6.0 6
1738668550159 7.0 7
1738668550172 8.0 8
1738668550186 9.0 9
1738668611925 0.0 0
1738668611946 1.0 1
1738668611965 2.0 2
1738668611984 3.0 3
1738668612005 4.0 4
1738668612029 5.0 5
1738668612054 6.0 6
1738668612079 7.0 7
1738668612102 8.0 8
1738668612131 9.0 9
1738668673585 0.0 0
1738668673604 1.0 1
1738668673623 2.0 2
1738668673644 3.0 3
1738668673664 4.0 4
1738668673687 5.0 5
1738668673706 6.0 6
1738668673724 7.0 7
1738668673745 8.0 8
1738668673760 9.0 9
1738668736285 0.0 0
1738668736304 1.0 1
1738668736333 2.0 2
1738668736355 3.0 3
1738668736374 4.0 4
1738668736394 5.0 5
1738668736415 6.0 6
1738668736435 7.0 7
1738668736459 8.0 8
1738668736479 9.0 9
1738668804419 0.0 0
1738668804444 1.0 1
1738668804469 2.0 2
1738668804490 3.0 3
1738668804509 4.0 4
1738668804528 5.0 5
1738668804548 6.0 6
1738668804567 7.0 7
1738668804588 8.0 8
1738668804608 9.0 9
1738668870112 0.0 0
1738668870133 1.0 1
1738668870154 2.0 2
1738668870178 3.0 3
1738668870204 4.0 4
1738668870239 5.0 5
1738668870268 6.0 6
1738668870299 7.0 7
1738668870337 8.0 8
1738668870358 9.0 9
1738668940659 0.0 0
1738668940683 1.0 1
1738668940707 2.0 2
1738668940729 3.0 3
1738668940751 4.0 4
1738668940777 5.0 5
1738668940798 6.0 6
1738668940822 7.0 7
1738668940846 8.0 8
1738668940868 9.0 9
1738669015527 0.0 0
1738669015547 1.0 1
1738669015567 2.0 2
1738669015586 3.0 3
1738669015605 4.0 4
1738669015625 5.0 5
1738669015651 6.0 6
1738669015677 7.0 7
1738669015701 8.0 8
1738669015723 9.0 9
1738669084961 0.0 0
1738669084991 1.0 1
1738669085024 2.0 2
1738669085062 3.0 3
1738669085091 4.0 4
1738669085117 5.0 5
1738669085144 6.0 6
1738669085166 7.0 7
1738669085186 8.0 8
1738669085216 9.0 9
