1738668489837 0.8038570880889893 0
1738668489852 0.4468691051006317 1
1738668489867 0.6443043947219849 2
1738668489881 0.45800602436065674 3
1738668489895 0.4583801031112671 4
1738668489908 0.2705613970756531 5
1738668489922 0.20171260833740234 6
1738668489936 0.20808257162570953 7
1738668489949 0.24181842803955078 8
1738668489962 0.13462106883525848 9
1738668550058 0.20611587166786194 0
1738668550074 0.32941558957099915 1
1738668550088 0.17239364981651306 2
1738668550102 0.09310506284236908 3
1738668550116 0.09182025492191315 4
1738668550129 0.07851588726043701 5
1738668550145 0.05127036198973656 6
1738668550159 0.03918486088514328 7
1738668550172 0.03750476986169815 8
1738668550186 0.015121146105229855 9
1738668611925 0.4858078956604004 0
1738668611946 0.32354360818862915 1
1738668611965 0.20230010151863098 2
1738668611984 0.17412304878234863 3
1738668612005 0.14580056071281433 4
1738668612029 0.13808013498783112 5
1738668612054 0.09818302094936371 6
1738668612079 0.07382829487323761 7
1738668612102 0.05566243454813957 8
1738668612131 0.06909894198179245 9
1738668673585 0.26460516452789307 0
1738668673604 0.28595054149627686 1
1738668673623 0.19114892184734344 2
1738668673644 0.20959967374801636 3
1738668673664 0.1766510009765625 4
1738668673687 0.12063109874725342 5
1738668673706 0.07654402405023575 6
1738668673724 0.10842083394527435 7
1738668673745 0.07575889676809311 8
1738668673760 0.041189201176166534 9
1738668736285 0.25285518169403076 0
1738668736304 0.1552199274301529 1
1738668736333 0.10048864781856537 2
1738668736355 0.19707608222961426 3
1738668736374 0.10497837513685226 4
1738668736394 0.05664510279893875 5
1738668736415 0.06872043013572693 6
1738668736435 0.060447998344898224 7
1738668736459 0.04579053819179535 8
1738668736479 0.030891653150320053 9
1738668804419 0.331302672624588 0
1738668804444 0.19481231272220612 1
1738668804469 0.10153821110725403 2
1738668804490 0.07461685687303543 3
1738668804509 0.09238827973604202 4
1738668804528 0.09091783314943314 5
1738668804548 0.07076170295476913 6
1738668804567 0.045250631868839264 7
1738668804588 0.03552578017115593 8
1738668804608 0.05017697066068649 9
1738668870112 0.14180795848369598 0
1738668870133 0.10221599042415619 1
1738668870154 0.09578283876180649 2
1738668870178 0.036847762763500214 3
1738668870204 0.026512382552027702 4
1738668870239 0.033703871071338654 5
1738668870268 0.03008338063955307 6
1738668870299 0.017981000244617462 7
1738668870337 0.01153565850108862 8
1738668870358 0.025182772427797318 9
1738668940659 0.03241898864507675 0
1738668940683 0.06750770658254623 1
1738668940707 0.034228917211294174 2
1738668940729 0.023005403578281403 3
1738668940751 0.014260172843933105 4
1738668940777 0.0034617872443050146 5
1738668940798 0.007224372588098049 6
1738668940822 0.03106558509171009 7
1738668940846 0.0036921489518135786 8
1738668940868 0.003186314832419157 9
1738669015527 0.09642287343740463 0
1738669015547 0.07332469522953033 1
1738669015567 0.03758222982287407 2
1738669015586 0.040770456194877625 3
1738669015605 0.012590141035616398 4
1738669015625 0.024036705493927002 5
1738669015651 0.015956927090883255 6
1738669015677 0.010479334741830826 7
1738669015701 0.01813412830233574 8
1738669015723 0.0056674485094845295 9
1738669084961 0.007491409312933683 0
1738669084991 0.03790445625782013 1
1738669085024 0.0032838971819728613 2
1738669085062 0.010376932099461555 3
1738669085091 0.0057365912944078445 4
1738669085117 0.0027519208379089832 5
1738669085144 0.0019171093590557575 6
1738669085166 0.002246263436973095 7
1738669085186 0.0018548754742369056 8
1738669085216 0.0005769138806499541 9
