1737544587707 0.7101520299911499 0
1737544587718 0.7074414491653442 1
1737544587729 0.6115522980690002 2
1737544587740 0.7256354093551636 3
1737544587750 0.569800615310669 4
1737544587761 0.6958736777305603 5
1737544587772 0.6456867456436157 6
1737544587783 0.6303330659866333 7
1737544587793 0.6958746314048767 8
1737544587803 0.6562715768814087 9
1737544611363 0.5901580452919006 0
1737544611378 0.5568363666534424 1
1737544611392 0.6369521021842957 2
1737544611416 0.554384171962738 3
1737544611443 0.4449296295642853 4
1737544611464 0.675150454044342 5
1737544611485 0.513503909111023 6
1737544611506 0.4437015950679779 7
1737544611522 0.6287040114402771 8
1737544611539 0.4441404342651367 9
