1737469985029 0.0 0
1737469985050 1.0 1
1737469985066 2.0 2
1737469985083 3.0 3
1737469985099 4.0 4
1737469985116 5.0 5
1737469985133 6.0 6
1737469985156 7.0 7
1737469985175 8.0 8
1737469985193 9.0 9
1737470054673 0.0 0
1737470054689 1.0 1
1737470054706 2.0 2
1737470054723 3.0 3
1737470054740 4.0 4
1737470054757 5.0 5
1737470054774 6.0 6
1737470054791 7.0 7
1737470054808 8.0 8
1737470054830 9.0 9
1737470127725 0.0 0
1737470127741 1.0 1
1737470127758 2.0 2
1737470127775 3.0 3
1737470127792 4.0 4
1737470127810 5.0 5
1737470127827 6.0 6
1737470127849 7.0 7
1737470127868 8.0 8
1737470127894 9.0 9
1737470203736 0.0 0
1737470203753 1.0 1
1737470203771 2.0 2
1737470203789 3.0 3
1737470203807 4.0 4
1737470203825 5.0 5
1737470203843 6.0 6
1737470203871 7.0 7
1737470203893 8.0 8
1737470203922 9.0 9
1737470267075 0.0 0
1737470267093 1.0 1
1737470267111 2.0 2
1737470267129 3.0 3
1737470267148 4.0 4
1737470267167 5.0 5
1737470267190 6.0 6
1737470267213 7.0 7
1737470267230 8.0 8
1737470267247 9.0 9
1737470346126 0.0 0
1737470346145 1.0 1
1737470346162 2.0 2
1737470346180 3.0 3
1737470346198 4.0 4
1737470346215 5.0 5
1737470346238 6.0 6
1737470346257 7.0 7
1737470346288 8.0 8
1737470346311 9.0 9
1737470401627 0.0 0
1737470401638 1.0 1
1737470401651 2.0 2
1737470401663 3.0 3
1737470401674 4.0 4
1737470401686 5.0 5
1737470401698 6.0 6
1737470401709 7.0 7
1737470401721 8.0 8
1737470401732 9.0 9
1737470457920 0.0 0
1737470457933 1.0 1
1737470457945 2.0 2
1737470457956 3.0 3
1737470457967 4.0 4
1737470457979 5.0 5
1737470457991 6.0 6
1737470458003 7.0 7
1737470458015 8.0 8
1737470458025 9.0 9
1737470521141 0.0 0
1737470521159 1.0 1
1737470521180 2.0 2
1737470521203 3.0 3
1737470521220 4.0 4
1737470521239 5.0 5
1737470521257 6.0 6
1737470521289 7.0 7
1737470521312 8.0 8
1737470521330 9.0 9
1737470565626 0.0 0
1737470565647 1.0 1
1737470565664 2.0 2
1737470565680 3.0 3
1737470565697 4.0 4
1737470565717 5.0 5
1737470565742 6.0 6
1737470565761 7.0 7
1737470565781 8.0 8
1737470565799 9.0 9
