1737469985029 0.5524221658706665 0
1737469985050 0.6846739053726196 1
1737469985066 0.5300929546356201 2
1737469985083 0.2682008147239685 3
1737469985099 0.5645371079444885 4
1737469985116 0.861734926700592 5
1737469985133 1.1147778034210205 6
1737469985156 0.278920441865921 7
1737469985175 0.6430323719978333 8
1737469985193 0.6478967070579529 9
1737470054673 0.5782830715179443 0
1737470054689 0.41903921961784363 1
1737470054706 0.6933127641677856 2
1737470054723 0.7906554341316223 3
1737470054740 0.6866948008537292 4
1737470054757 0.6480441689491272 5
1737470054774 0.3244881331920624 6
1737470054791 0.4487503170967102 7
1737470054808 0.5431480407714844 8
1737470054830 0.35582610964775085 9
1737470127725 0.4734651446342468 0
1737470127741 0.648637056350708 1
1737470127758 0.11199052631855011 2
1737470127775 1.0682463645935059 3
1737470127792 0.34273141622543335 4
1737470127810 0.5442606210708618 5
1737470127827 0.5504761934280396 6
1737470127849 0.29058384895324707 7
1737470127868 0.6409424543380737 8
1737470127894 0.424496054649353 9
1737470203736 0.41382578015327454 0
1737470203753 0.5194082856178284 1
1737470203771 0.433695524930954 2
1737470203789 0.6121769547462463 3
1737470203807 0.5492339730262756 4
1737470203825 0.5488800406455994 5
1737470203843 0.3357146680355072 6
1737470203871 0.3196106255054474 7
1737470203893 0.4050825238227844 8
1737470203922 0.1713644564151764 9
1737470267075 0.33362340927124023 0
1737470267093 0.36687877774238586 1
1737470267111 0.4916354715824127 2
1737470267129 0.4281894862651825 3
1737470267148 0.4596417248249054 4
1737470267167 0.3186354339122772 5
1737470267190 0.35724255442619324 6
1737470267213 0.317180335521698 7
1737470267230 0.22399115562438965 8
1737470267247 0.4266313314437866 9
1737470346126 0.3753466308116913 0
1737470346145 0.3424226939678192 1
1737470346162 0.2660755515098572 2
1737470346180 0.24451397359371185 3
1737470346198 0.4191072881221771 4
1737470346215 0.1976807415485382 5
1737470346238 0.19800430536270142 6
1737470346257 0.3503105342388153 7
1737470346288 0.4529271721839905 8
1737470346311 0.34550538659095764 9
1737470401627 0.2067737579345703 0
1737470401638 0.2813405692577362 1
1737470401651 0.4861641228199005 2
1737470401663 0.3942694365978241 3
1737470401674 0.2425720989704132 4
1737470401686 0.31086307764053345 5
1737470401698 0.3669896721839905 6
1737470401709 0.24045094847679138 7
1737470401721 0.1605464369058609 8
1737470401732 0.2881028652191162 9
1737470457920 0.23532065749168396 0
1737470457933 0.26472046971321106 1
1737470457945 0.22798077762126923 2
1737470457956 0.3381645381450653 3
1737470457967 0.2179558128118515 4
1737470457979 0.2617393136024475 5
1737470457991 0.1572721302509308 6
1737470458003 0.10163065791130066 7
1737470458015 0.10705312341451645 8
1737470458025 0.1560923010110855 9
1737470521141 0.28749826550483704 0
1737470521159 0.2494398057460785 1
1737470521180 0.14365534484386444 2
1737470521203 0.24090173840522766 3
1737470521220 0.14245113730430603 4
1737470521239 0.21746987104415894 5
1737470521257 0.170166477560997 6
1737470521289 0.3151869773864746 7
1737470521312 0.28935950994491577 8
1737470521330 0.11930249631404877 9
1737470565626 0.23920972645282745 0
1737470565647 0.34532225131988525 1
1737470565664 0.35507121682167053 2
1737470565680 0.18844002485275269 3
1737470565697 0.1766316294670105 4
1737470565717 0.27167415618896484 5
1737470565742 0.21338503062725067 6
1737470565761 0.11060399562120438 7
1737470565781 0.2839442491531372 8
1737470565799 0.20834146440029144 9
