1736861070784 0.0 0
1736861070796 1.0 1
1736861070806 2.0 2
1736861070814 3.0 3
1736861070823 4.0 4
1736861070832 5.0 5
1736861070841 6.0 6
1736861070849 7.0 7
1736861070858 8.0 8
1736861070867 9.0 9
1736861076375 0.0 0
1736861076386 1.0 1
1736861076395 2.0 2
1736861076407 3.0 3
1736861076417 4.0 4
1736861076426 5.0 5
1736861076436 6.0 6
1736861076445 7.0 7
1736861076454 8.0 8
1736861076464 9.0 9
1736861083637 0.0 0
1736861083655 1.0 1
1736861083670 2.0 2
1736861083681 3.0 3
1736861083691 4.0 4
1736861083702 5.0 5
1736861083712 6.0 6
1736861083732 7.0 7
1736861083749 8.0 8
1736861083761 9.0 9
1736861089426 0.0 0
1736861089436 1.0 1
1736861089446 2.0 2
1736861089456 3.0 3
1736861089467 4.0 4
1736861089477 5.0 5
1736861089487 6.0 6
1736861089497 7.0 7
1736861089508 8.0 8
1736861089518 9.0 9
1736861095726 0.0 0
1736861095744 1.0 1
1736861095759 2.0 2
1736861095772 3.0 3
1736861095786 4.0 4
1736861095799 5.0 5
1736861095814 6.0 6
1736861095827 7.0 7
1736861095841 8.0 8
1736861095855 9.0 9
1736861102860 0.0 0
1736861102869 1.0 1
1736861102879 2.0 2
1736861102888 3.0 3
1736861102898 4.0 4
1736861102907 5.0 5
1736861102916 6.0 6
1736861102926 7.0 7
1736861102935 8.0 8
1736861102945 9.0 9
1736861108892 0.0 0
1736861108912 1.0 1
1736861108937 2.0 2
1736861108955 3.0 3
1736861108969 4.0 4
1736861108982 5.0 5
1736861108995 6.0 6
1736861109009 7.0 7
1736861109023 8.0 8
1736861109033 9.0 9
1736861117034 0.0 0
1736861117044 1.0 1
1736861117053 2.0 2
1736861117062 3.0 3
1736861117071 4.0 4
1736861117080 5.0 5
1736861117089 6.0 6
1736861117098 7.0 7
1736861117107 8.0 8
1736861117115 9.0 9
1736861123306 0.0 0
1736861123316 1.0 1
1736861123325 2.0 2
1736861123335 3.0 3
1736861123344 4.0 4
1736861123353 5.0 5
1736861123362 6.0 6
1736861123371 7.0 7
1736861123380 8.0 8
1736861123388 9.0 9
1736861131112 0.0 0
1736861131127 1.0 1
1736861131142 2.0 2
1736861131156 3.0 3
1736861131174 4.0 4
1736861131192 5.0 5
1736861131208 6.0 6
1736861131225 7.0 7
1736861131240 8.0 8
1736861131254 9.0 9
