1736861070784 0.5914270281791687 0
1736861070796 0.647476077079773 1
1736861070806 0.6232593059539795 2
1736861070814 0.5439059734344482 3
1736861070823 0.5978922247886658 4
1736861070832 0.5499023795127869 5
1736861070841 0.6665125489234924 6
1736861070849 0.5404377579689026 7
1736861070858 0.5518019199371338 8
1736861070867 0.47812730073928833 9
1736861076375 0.5878204703330994 0
1736861076386 0.61421799659729 1
1736861076395 0.649000883102417 2
1736861076407 0.7144711017608643 3
1736861076417 0.578693151473999 4
1736861076426 0.6723461747169495 5
1736861076436 0.4750322699546814 6
1736861076445 0.7172020673751831 7
1736861076454 0.6346191763877869 8
1736861076464 0.5148221254348755 9
1736861083637 0.48423129320144653 0
1736861083655 0.7046011686325073 1
1736861083670 0.6957528591156006 2
1736861083681 0.5117219686508179 3
1736861083691 0.44905856251716614 4
1736861083702 0.6075177788734436 5
1736861083712 0.5109818577766418 6
1736861083732 0.7954939603805542 7
1736861083749 0.590020477771759 8
1736861083761 0.4280170202255249 9
1736861089426 0.4860432744026184 0
1736861089436 0.6108731031417847 1
1736861089446 0.6875247359275818 2
1736861089456 0.4508883059024811 3
1736861089467 0.46435678005218506 4
1736861089477 0.42431625723838806 5
1736861089487 0.3801315128803253 6
1736861089497 0.454407662153244 7
1736861089508 0.5812590718269348 8
1736861089518 0.4878826141357422 9
1736861095726 0.45788997411727905 0
1736861095744 0.3631405532360077 1
1736861095759 0.5609267950057983 2
1736861095772 0.4267153739929199 3
1736861095786 0.3991924822330475 4
1736861095799 0.45580652356147766 5
1736861095814 0.5859220027923584 6
1736861095827 0.43698593974113464 7
1736861095841 0.5169762969017029 8
1736861095855 0.7533426284790039 9
1736861102860 0.601338803768158 0
1736861102869 0.5478745102882385 1
1736861102879 0.4042600989341736 2
1736861102888 0.4584384560585022 3
1736861102898 0.549951434135437 4
1736861102907 0.37007251381874084 5
1736861102916 0.2241402566432953 6
1736861102926 0.6034676432609558 7
1736861102935 0.5998419523239136 8
1736861102945 0.273112416267395 9
1736861108892 0.38300392031669617 0
1736861108912 0.3602498173713684 1
1736861108937 0.6056409478187561 2
1736861108955 0.5215004682540894 3
1736861108969 0.2501417398452759 4
1736861108982 0.35329896211624146 5
1736861108995 0.6623091101646423 6
1736861109009 0.3306361436843872 7
1736861109023 0.6665576696395874 8
1736861109033 0.2813517451286316 9
1736861117034 0.4072498679161072 0
1736861117044 0.37508711218833923 1
1736861117053 0.43429893255233765 2
1736861117062 0.38908636569976807 3
1736861117071 0.4135001599788666 4
1736861117080 0.49169477820396423 5
1736861117089 0.44417604804039 6
1736861117098 0.6870822906494141 7
1736861117107 0.6208387017250061 8
1736861117115 0.5945088267326355 9
1736861123306 0.5489142537117004 0
1736861123316 0.2657765746116638 1
1736861123325 0.5501317977905273 2
1736861123335 0.3477795720100403 3
1736861123344 0.2604863941669464 4
1736861123353 0.3954960107803345 5
1736861123362 0.668386697769165 6
1736861123371 0.4236534833908081 7
1736861123380 0.24476884305477142 8
1736861123388 0.22607848048210144 9
1736861131112 0.4640114903450012 0
1736861131127 0.5141642689704895 1
1736861131142 0.4237824082374573 2
1736861131156 0.5805935263633728 3
1736861131174 0.7130448818206787 4
1736861131192 0.5096868276596069 5
1736861131208 0.3822852373123169 6
1736861131225 0.5045117139816284 7
1736861131240 0.5245422720909119 8
1736861131254 0.5479601621627808 9
