1736975400330 0.0 0
1736975400343 1.0 1
1736975400356 2.0 2
1736975400366 3.0 3
1736975400375 4.0 4
1736975400386 5.0 5
1736975400397 6.0 6
1736975400408 7.0 7
1736975400419 8.0 8
1736975400428 9.0 9
1736975405332 0.0 0
1736975405351 1.0 1
1736975405369 2.0 2
1736975405385 3.0 3
1736975405399 4.0 4
1736975405415 5.0 5
1736975405430 6.0 6
1736975405445 7.0 7
1736975405464 8.0 8
1736975405481 9.0 9
1736975412286 0.0 0
1736975412301 1.0 1
1736975412314 2.0 2
1736975412328 3.0 3
1736975412338 4.0 4
1736975412348 5.0 5
1736975412360 6.0 6
1736975412375 7.0 7
1736975412390 8.0 8
1736975412401 9.0 9
1736975417409 0.0 0
1736975417425 1.0 1
1736975417441 2.0 2
1736975417452 3.0 3
1736975417464 4.0 4
1736975417475 5.0 5
1736975417486 6.0 6
1736975417498 7.0 7
1736975417510 8.0 8
1736975417521 9.0 9
1736975422880 0.0 0
1736975422895 1.0 1
1736975422917 2.0 2
1736975422936 3.0 3
1736975422953 4.0 4
1736975422969 5.0 5
1736975422984 6.0 6
1736975422999 7.0 7
1736975423014 8.0 8
1736975423030 9.0 9
