1736975400330 0.6027926206588745 0
1736975400343 0.6391915082931519 1
1736975400356 0.6963447332382202 2
1736975400366 0.5963717103004456 3
1736975400375 0.6300333738327026 4
1736975400386 0.7571080923080444 5
1736975400397 0.6173740029335022 6
1736975400408 0.564884603023529 7
1736975400419 0.5592045187950134 8
1736975400428 0.6908622980117798 9
1736975405332 0.5589527487754822 0
1736975405351 0.5654886960983276 1
1736975405369 0.5538427829742432 2
1736975405385 0.4350401759147644 3
1736975405399 0.6028828024864197 4
1736975405415 0.5445711016654968 5
1736975405430 0.513789713382721 6
1736975405445 0.6124686598777771 7
1736975405464 0.5859807729721069 8
1736975405481 0.45821285247802734 9
1736975412286 0.6630586981773376 0
1736975412301 0.5807213187217712 1
1736975412314 0.5044931173324585 2
1736975412328 0.3606729507446289 3
1736975412338 0.6710960865020752 4
1736975412348 0.5734498500823975 5
1736975412360 0.5974379777908325 6
1736975412375 0.590000569820404 7
1736975412390 0.5004391074180603 8
1736975412401 0.5832701921463013 9
1736975417409 0.49667584896087646 0
1736975417425 0.5371440052986145 1
1736975417441 0.5999094843864441 2
1736975417452 0.6413761377334595 3
1736975417464 0.5316113829612732 4
1736975417475 0.7007611989974976 5
1736975417486 0.5635151267051697 6
1736975417498 0.48893895745277405 7
1736975417510 0.541877806186676 8
1736975417521 0.4423554837703705 9
1736975422880 0.4237315058708191 0
1736975422895 0.4910373091697693 1
1736975422917 0.7126477956771851 2
1736975422936 0.4185253381729126 3
1736975422953 0.4340206980705261 4
1736975422969 0.4240814447402954 5
1736975422984 0.5078907608985901 6
1736975422999 0.5043914318084717 7
1736975423014 0.4995575249195099 8
1736975423030 0.7726898193359375 9
