1738146017759 0.0 0
1738146017784 1.0 1
1738146017812 2.0 2
1738146017837 3.0 3
1738146017860 4.0 4
1738146017881 5.0 5
1738146017903 6.0 6
1738146017922 7.0 7
1738146017946 8.0 8
1738146017966 9.0 9
1738146034952 0.0 0
1738146034983 1.0 1
1738146035005 2.0 2
1738146035030 3.0 3
1738146035063 4.0 4
1738146035091 5.0 5
1738146035120 6.0 6
1738146035140 7.0 7
1738146035163 8.0 8
1738146035192 9.0 9
1738146048429 0.0 0
1738146048447 1.0 1
1738146048466 2.0 2
1738146048485 3.0 3
1738146048506 4.0 4
1738146048525 5.0 5
1738146048544 6.0 6
1738146048565 7.0 7
1738146048584 8.0 8
1738146048602 9.0 9
1738146062893 0.0 0
1738146062914 1.0 1
1738146062932 2.0 2
1738146062950 3.0 3
1738146062969 4.0 4
1738146062987 5.0 5
1738146063006 6.0 6
1738146063033 7.0 7
1738146063057 8.0 8
1738146063080 9.0 9
1738146077138 0.0 0
1738146077167 1.0 1
1738146077189 2.0 2
1738146077207 3.0 3
1738146077236 4.0 4
1738146077256 5.0 5
1738146077275 6.0 6
1738146077300 7.0 7
1738146077320 8.0 8
1738146077341 9.0 9
1738146095233 0.0 0
1738146095252 1.0 1
1738146095270 2.0 2
1738146095289 3.0 3
1738146095310 4.0 4
1738146095329 5.0 5
1738146095347 6.0 6
1738146095372 7.0 7
1738146095399 8.0 8
1738146095423 9.0 9
1738146107885 0.0 0
1738146107911 1.0 1
1738146107932 2.0 2
1738146107957 3.0 3
1738146107991 4.0 4
1738146108018 5.0 5
1738146108039 6.0 6
1738146108070 7.0 7
1738146108094 8.0 8
1738146108113 9.0 9
1738146121603 0.0 0
1738146121622 1.0 1
1738146121642 2.0 2
1738146121661 3.0 3
1738146121679 4.0 4
1738146121699 5.0 5
1738146121726 6.0 6
1738146121754 7.0 7
1738146121780 8.0 8
1738146121802 9.0 9
1738146135432 0.0 0
1738146135450 1.0 1
1738146135468 2.0 2
1738146135486 3.0 3
1738146135505 4.0 4
1738146135525 5.0 5
1738146135544 6.0 6
1738146135563 7.0 7
1738146135582 8.0 8
1738146135601 9.0 9
1738146149006 0.0 0
1738146149026 1.0 1
1738146149045 2.0 2
1738146149065 3.0 3
1738146149084 4.0 4
1738146149103 5.0 5
1738146149121 6.0 6
1738146149139 7.0 7
1738146149162 8.0 8
1738146149189 9.0 9
