1738146017759 0.6568409204483032 0
1738146017784 0.5840268731117249 1
1738146017812 0.47957679629325867 2
1738146017837 0.4451224207878113 3
1738146017860 0.49986886978149414 4
1738146017881 0.5514049530029297 5
1738146017903 0.4387767016887665 6
1738146017922 0.5446147322654724 7
1738146017946 0.41353699564933777 8
1738146017966 0.11783671379089355 9
1738146034952 0.380559504032135 0
1738146034983 0.3872120678424835 1
1738146035005 0.49308639764785767 2
1738146035030 0.1979278177022934 3
1738146035063 0.35445231199264526 4
1738146035091 0.29195448756217957 5
1738146035120 0.3847798705101013 6
1738146035140 0.3124695420265198 7
1738146035163 0.055589836090803146 8
1738146035192 0.1854667067527771 9
1738146048429 0.3263462781906128 0
1738146048447 0.36341604590415955 1
1738146048466 0.12331341207027435 2
1738146048485 0.21623952686786652 3
1738146048506 0.3648940324783325 4
1738146048525 0.24592866003513336 5
1738146048544 0.18674084544181824 6
1738146048565 0.16356872022151947 7
1738146048584 0.3456438183784485 8
1738146048602 0.14698144793510437 9
1738146062893 0.294705867767334 0
1738146062914 0.3719024956226349 1
1738146062932 0.2583652138710022 2
1738146062950 0.18632780015468597 3
1738146062969 0.21888406574726105 4
1738146062987 0.16387011110782623 5
1738146063006 0.08043592423200607 6
1738146063033 0.16900213062763214 7
1738146063057 0.09516704827547073 8
1738146063080 0.10573295503854752 9
1738146077138 0.4683510661125183 0
1738146077167 0.18521544337272644 1
1738146077189 0.37057000398635864 2
1738146077207 0.12968279421329498 3
1738146077236 0.22917215526103973 4
1738146077256 0.27344653010368347 5
1738146077275 0.20717032253742218 6
1738146077300 0.2726374566555023 7
1738146077320 0.08827611058950424 8
1738146077341 0.11594937741756439 9
1738146095233 0.23817533254623413 0
1738146095252 0.2579209506511688 1
1738146095270 0.1393415927886963 2
1738146095289 0.1844833493232727 3
1738146095310 0.23628494143486023 4
1738146095329 0.16468842327594757 5
1738146095347 0.30872872471809387 6
1738146095372 0.14514827728271484 7
1738146095399 0.0704626515507698 8
1738146095423 0.37166672945022583 9
1738146107885 0.5099653601646423 0
1738146107911 0.26196223497390747 1
1738146107932 0.28574755787849426 2
1738146107957 0.26608923077583313 3
1738146107991 0.232900008559227 4
1738146108018 0.2552153766155243 5
1738146108039 0.20619939267635345 6
1738146108070 0.18328574299812317 7
1738146108094 0.2585091292858124 8
1738146108113 0.19678738713264465 9
1738146121603 0.24975353479385376 0
1738146121622 0.2218833714723587 1
1738146121642 0.12001001089811325 2
1738146121661 0.23071685433387756 3
1738146121679 0.21104608476161957 4
1738146121699 0.19456256926059723 5
1738146121726 0.043028492480516434 6
1738146121754 0.20222149789333344 7
1738146121780 0.15703915059566498 8
1738146121802 0.03327913209795952 9
1738146135432 0.1435478776693344 0
1738146135450 0.23280030488967896 1
1738146135468 0.27055680751800537 2
1738146135486 0.10905267298221588 3
1738146135505 0.10525618493556976 4
1738146135525 0.22797703742980957 5
1738146135544 0.08733571320772171 6
1738146135563 0.0878201425075531 7
1738146135582 0.07971899956464767 8
1738146135601 0.14977076649665833 9
1738146149006 0.18966922163963318 0
1738146149026 0.10977359116077423 1
1738146149045 0.18741527199745178 2
1738146149065 0.04405764490365982 3
1738146149084 0.11459092050790787 4
1738146149103 0.132455974817276 5
1738146149121 0.06392771750688553 6
1738146149139 0.1660778820514679 7
1738146149162 0.08281669020652771 8
1738146149189 0.07372242212295532 9
