1738526300373 0.6369521617889404 0
1738526300402 0.5407852530479431 1
1738526300423 0.5567635297775269 2
1738526300452 0.594907820224762 3
1738526300480 0.4292667806148529 4
1738526300508 0.5411868691444397 5
1738526300539 0.6256623864173889 6
1738526300559 0.4870428442955017 7
1738526300588 0.4212014079093933 8
1738526300610 0.46370741724967957 9
1738526309822 0.22114452719688416 0
1738526309845 0.1663859784603119 1
1738526309869 0.2206050306558609 2
1738526309891 0.1589381992816925 3
1738526309911 0.2578279674053192 4
1738526309935 0.1284603774547577 5
1738526309954 0.2543953061103821 6
1738526309979 0.34483322501182556 7
1738526310008 0.2398068606853485 8
1738526310043 0.12491674721240997 9
