1738755929088 0.0 0
1738755929134 1.0 1
1738755929170 2.0 2
1738755929227 3.0 3
1738755929276 4.0 4
1738755929319 5.0 5
1738755929368 6.0 6
1738755929416 7.0 7
1738755929472 8.0 8
1738755929519 9.0 9
1738756028328 0.0 0
1738756028374 1.0 1
1738756028422 2.0 2
1738756028468 3.0 3
1738756028519 4.0 4
1738756028570 5.0 5
1738756028611 6.0 6
1738756028662 7.0 7
1738756028711 8.0 8
1738756028778 9.0 9
1738756087981 0.0 0
1738756088007 1.0 1
1738756088031 2.0 2
1738756088056 3.0 3
1738756088081 4.0 4
1738756088109 5.0 5
1738756088135 6.0 6
1738756088160 7.0 7
1738756088189 8.0 8
1738756088215 9.0 9
1738756135621 0.0 0
1738756135654 1.0 1
1738756135674 2.0 2
1738756135695 3.0 3
1738756135720 4.0 4
1738756135741 5.0 5
1738756135763 6.0 6
1738756135785 7.0 7
1738756135805 8.0 8
1738756135828 9.0 9
1738756181995 0.0 0
1738756182020 1.0 1
1738756182044 2.0 2
1738756182072 3.0 3
1738756182098 4.0 4
1738756182122 5.0 5
1738756182146 6.0 6
1738756182172 7.0 7
1738756182197 8.0 8
1738756182222 9.0 9
1738756225436 0.0 0
1738756225471 1.0 1
1738756225506 2.0 2
1738756225538 3.0 3
1738756225572 4.0 4
1738756225607 5.0 5
1738756225647 6.0 6
1738756225686 7.0 7
1738756225728 8.0 8
1738756225769 9.0 9
1738756268765 0.0 0
1738756268796 1.0 1
1738756268833 2.0 2
1738756268865 3.0 3
1738756268903 4.0 4
1738756268940 5.0 5
1738756268972 6.0 6
1738756269008 7.0 7
1738756269040 8.0 8
1738756269071 9.0 9
1738756346723 0.0 0
1738756346745 1.0 1
1738756346766 2.0 2
1738756346788 3.0 3
1738756346810 4.0 4
1738756346831 5.0 5
1738756346854 6.0 6
1738756346875 7.0 7
1738756346896 8.0 8
1738756346919 9.0 9
1738756415538 0.0 0
1738756415563 1.0 1
1738756415588 2.0 2
1738756415614 3.0 3
1738756415639 4.0 4
1738756415664 5.0 5
1738756415690 6.0 6
1738756415714 7.0 7
1738756415739 8.0 8
1738756415764 9.0 9
1738756462688 0.0 0
1738756462717 1.0 1
1738756462742 2.0 2
1738756462765 3.0 3
1738756462791 4.0 4
1738756462816 5.0 5
1738756462848 6.0 6
1738756462877 7.0 7
1738756462906 8.0 8
1738756462931 9.0 9
