1738755929088 0.5518494844436646 0
1738755929134 0.38603973388671875 1
1738755929170 0.3512445390224457 2
1738755929227 0.20786380767822266 3
1738755929276 0.1389850378036499 4
1738755929319 0.0652977004647255 5
1738755929368 0.08771630376577377 6
1738755929416 0.08465007692575455 7
1738755929472 0.06671874970197678 8
1738755929519 0.014494325034320354 9
1738756028328 0.39248108863830566 0
1738756028374 0.12371557205915451 1
1738756028422 0.08641905337572098 2
1738756028468 0.04491685330867767 3
1738756028519 0.028708964586257935 4
1738756028570 0.01893618330359459 5
1738756028611 0.011997989378869534 6
1738756028662 0.008931794203817844 7
1738756028711 0.007558582350611687 8
1738756028778 0.004620052874088287 9
1738756087981 0.015438258647918701 0
1738756088007 0.001497039571404457 1
1738756088031 0.00040792798972688615 2
1738756088056 0.00028708300669677556 3
1738756088081 7.425354124279693e-05 4
1738756088109 6.248334102565423e-05 5
1738756088135 3.859672506223433e-05 6
1738756088160 1.9234781575505622e-05 7
1738756088189 1.682008405623492e-05 8
1738756088215 1.3503872651199345e-05 9
1738756135621 1.8994840383529663 0
1738756135654 0.8527076840400696 1
1738756135674 0.41201698780059814 2
1738756135695 0.3164574205875397 3
1738756135720 0.2634532153606415 4
1738756135741 0.20942330360412598 5
1738756135763 0.19655412435531616 6
1738756135785 0.15721412003040314 7
1738756135805 0.12856082618236542 8
1738756135828 0.1186053678393364 9
1738756181995 0.0038912754971534014 0
1738756182020 0.0007202827255241573 1
1738756182044 6.993674469413236e-05 2
1738756182072 7.13100416760426e-06 3
1738756182098 3.154433215968311e-06 4
1738756182122 2.157968992833048e-06 5
1738756182146 6.35780850188894e-07 6
1738756182172 8.864278555620331e-08 7
1738756182197 1.0392597715735974e-07 8
1738756182222 7.030290305465314e-08 9
1738756225436 0.25197330117225647 0
1738756225471 0.277128666639328 1
1738756225506 0.08897289633750916 2
1738756225538 0.033537331968545914 3
1738756225572 0.022456377744674683 4
1738756225607 0.012090940028429031 5
1738756225647 0.006378208752721548 6
1738756225686 0.0037974135484546423 7
1738756225728 0.0022145272232592106 8
1738756225769 0.0012218673946335912 9
1738756268765 0.15895922482013702 0
1738756268796 0.021774044260382652 1
1738756268833 0.00693864980712533 2
1738756268865 0.0016508117550984025 3
1738756268903 0.00045363811659626663 4
1738756268940 0.00017588962509762496 5
1738756268972 5.5327051086351275e-05 6
1738756269008 3.678771463455632e-05 7
1738756269040 1.8348422599956393e-05 8
1738756269071 7.516168352594832e-06 9
1738756346723 0.7904123663902283 0
1738756346745 0.3850332200527191 1
1738756346766 0.11510932445526123 2
1738756346788 0.042143356055021286 3
1738756346810 0.011316139250993729 4
1738756346831 0.005283132195472717 5
1738756346854 0.003945623524487019 6
1738756346875 0.0011633001267910004 7
1738756346896 0.002232405124232173 8
1738756346919 0.0014286040095612407 9
1738756415538 0.23138634860515594 0
1738756415563 0.07891321927309036 1
1738756415588 0.034817952662706375 2
1738756415614 0.022505290806293488 3
1738756415639 0.011991876177489758 4
1738756415664 0.007104885298758745 5
1738756415690 0.0034908016677945852 6
1738756415714 0.0033108245115727186 7
1738756415739 0.0017227772623300552 8
1738756415764 0.001013966859318316 9
1738756462688 0.2272671014070511 0
1738756462717 0.058439090847969055 1
1738756462742 0.04787025973200798 2
1738756462765 0.016239672899246216 3
1738756462791 0.018964121118187904 4
1738756462816 0.007704729679971933 5
1738756462848 0.0066692461259663105 6
1738756462877 0.005537714343518019 7
1738756462906 0.0012500074226409197 8
1738756462931 0.0015714988112449646 9
