1737481396967 0.0 0
1737481396985 1.0 1
1737481397002 2.0 2
1737481397019 3.0 3
1737481397035 4.0 4
1737481397056 5.0 5
1737481397074 6.0 6
1737481397090 7.0 7
1737481397108 8.0 8
1737481397128 9.0 9
1737481462757 0.0 0
1737481462774 1.0 1
1737481462793 2.0 2
1737481462806 3.0 3
1737481462818 4.0 4
1737481462829 5.0 5
1737481462840 6.0 6
1737481462852 7.0 7
1737481462864 8.0 8
1737481462876 9.0 9
1737481520105 0.0 0
1737481520123 1.0 1
1737481520142 2.0 2
1737481520159 3.0 3
1737481520176 4.0 4
1737481520192 5.0 5
1737481520209 6.0 6
1737481520226 7.0 7
1737481520242 8.0 8
1737481520258 9.0 9
1737481592339 0.0 0
1737481592355 1.0 1
1737481592372 2.0 2
1737481592388 3.0 3
1737481592404 4.0 4
1737481592420 5.0 5
1737481592437 6.0 6
1737481592453 7.0 7
1737481592470 8.0 8
1737481592485 9.0 9
1737481666412 0.0 0
1737481666428 1.0 1
1737481666447 2.0 2
1737481666467 3.0 3
1737481666488 4.0 4
1737481666512 5.0 5
1737481666533 6.0 6
1737481666552 7.0 7
1737481666575 8.0 8
1737481666597 9.0 9
1737481726511 0.0 0
1737481726528 1.0 1
1737481726546 2.0 2
1737481726566 3.0 3
1737481726583 4.0 4
1737481726599 5.0 5
1737481726615 6.0 6
1737481726638 7.0 7
1737481726656 8.0 8
1737481726673 9.0 9
1737481783008 0.0 0
1737481783020 1.0 1
1737481783031 2.0 2
1737481783043 3.0 3
1737481783056 4.0 4
1737481783067 5.0 5
1737481783078 6.0 6
1737481783090 7.0 7
1737481783101 8.0 8
1737481783113 9.0 9
1737481827321 0.0 0
1737481827339 1.0 1
1737481827356 2.0 2
1737481827375 3.0 3
1737481827394 4.0 4
1737481827413 5.0 5
1737481827432 6.0 6
1737481827450 7.0 7
1737481827467 8.0 8
1737481827485 9.0 9
1737481883082 0.0 0
1737481883095 1.0 1
1737481883107 2.0 2
1737481883118 3.0 3
1737481883134 4.0 4
1737481883148 5.0 5
1737481883160 6.0 6
1737481883173 7.0 7
1737481883186 8.0 8
1737481883198 9.0 9
1737481926665 0.0 0
1737481926678 1.0 1
1737481926690 2.0 2
1737481926702 3.0 3
1737481926713 4.0 4
1737481926725 5.0 5
1737481926736 6.0 6
1737481926748 7.0 7
1737481926759 8.0 8
1737481926771 9.0 9
