1737481396967 0.6638790369033813 0
1737481396985 0.4545707404613495 1
1737481397002 0.8007028102874756 2
1737481397019 0.47494813799858093 3
1737481397035 0.5761664509773254 4
1737481397056 0.1865367293357849 5
1737481397074 0.45052579045295715 6
1737481397090 0.3617549538612366 7
1737481397108 0.758143961429596 8
1737481397128 0.4347497820854187 9
1737481462757 0.8039042949676514 0
1737481462774 0.40971946716308594 1
1737481462793 0.3633243441581726 2
1737481462806 0.6723120808601379 3
1737481462818 0.23768894374370575 4
1737481462829 0.5836768746376038 5
1737481462840 0.5754390358924866 6
1737481462852 0.8610954284667969 7
1737481462864 0.46699386835098267 8
1737481462876 0.7435362935066223 9
1737481520105 0.46646425127983093 0
1737481520123 0.6049310564994812 1
1737481520142 0.5072452425956726 2
1737481520159 0.22644096612930298 3
1737481520176 0.4280819892883301 4
1737481520192 0.39109721779823303 5
1737481520209 1.00475013256073 6
1737481520226 0.39142078161239624 7
1737481520242 0.5196651816368103 8
1737481520258 0.4608689844608307 9
1737481592339 0.5536772608757019 0
1737481592355 0.5479543209075928 1
1737481592372 0.5039053559303284 2
1737481592388 0.5094530582427979 3
1737481592404 0.7051681280136108 4
1737481592420 0.3413172960281372 5
1737481592437 0.5605518817901611 6
1737481592453 0.3254375159740448 7
1737481592470 0.5062615275382996 8
1737481592485 0.3674773871898651 9
1737481666412 0.49849897623062134 0
1737481666428 0.43536651134490967 1
1737481666447 0.30471789836883545 2
1737481666467 0.3380659520626068 3
1737481666488 0.23745331168174744 4
1737481666512 0.263177752494812 5
1737481666533 0.3087838888168335 6
1737481666552 0.32725799083709717 7
1737481666575 0.25425902009010315 8
1737481666597 0.15631267428398132 9
1737481726511 0.2863073945045471 0
1737481726528 0.17174625396728516 1
1737481726546 0.265435129404068 2
1737481726566 0.40989115834236145 3
1737481726583 0.32781416177749634 4
1737481726599 0.26523396372795105 5
1737481726615 0.17702072858810425 6
1737481726638 0.1145804226398468 7
1737481726656 0.25074392557144165 8
1737481726673 0.28431469202041626 9
1737481783008 0.3573928475379944 0
1737481783020 0.37296411395072937 1
1737481783031 0.1799977570772171 2
1737481783043 0.19934234023094177 3
1737481783056 0.16650468111038208 4
1737481783067 0.17843756079673767 5
1737481783078 0.12463752180337906 6
1737481783090 0.15805786848068237 7
1737481783101 0.15719185769557953 8
1737481783113 0.29064619541168213 9
1737481827321 0.2167901247739792 0
1737481827339 0.23543903231620789 1
1737481827356 0.1322234570980072 2
1737481827375 0.36135849356651306 3
1737481827394 0.16593745350837708 4
1737481827413 0.2406785637140274 5
1737481827432 0.17240484058856964 6
1737481827450 0.1563671976327896 7
1737481827467 0.2298559993505478 8
1737481827485 0.2582997679710388 9
1737481883082 0.3705659508705139 0
1737481883095 0.29364892840385437 1
1737481883107 0.23797188699245453 2
1737481883118 0.22918561100959778 3
1737481883134 0.262752890586853 4
1737481883148 0.2785586714744568 5
1737481883160 0.18070468306541443 6
1737481883173 0.15268534421920776 7
1737481883186 0.1378743052482605 8
1737481883198 0.12085851281881332 9
1737481926665 0.2251707911491394 0
1737481926678 0.25323745608329773 1
1737481926690 0.22838544845581055 2
1737481926702 0.29527610540390015 3
1737481926713 0.18514308333396912 4
1737481926725 0.1400938779115677 5
1737481926736 0.3427366614341736 6
1737481926748 0.2627323269844055 7
1737481926759 0.3236096501350403 8
1737481926771 0.13897567987442017 9
