1738097602181 0.0 0
1738097602194 1.0 1
1738097602206 2.0 2
1738097602217 3.0 3
1738097602227 4.0 4
1738097602242 5.0 5
1738097602261 6.0 6
1738097602281 7.0 7
1738097602307 8.0 8
1738097602325 9.0 9
1738097656207 0.0 0
1738097656224 1.0 1
1738097656244 2.0 2
1738097656260 3.0 3
1738097656276 4.0 4
1738097656299 5.0 5
1738097656315 6.0 6
1738097656334 7.0 7
1738097656351 8.0 8
1738097656367 9.0 9
1738097706906 0.0 0
1738097706929 1.0 1
1738097706949 2.0 2
1738097706977 3.0 3
1738097706997 4.0 4
1738097707023 5.0 5
1738097707041 6.0 6
1738097707066 7.0 7
1738097707085 8.0 8
1738097707103 9.0 9
1738097757220 0.0 0
1738097757246 1.0 1
1738097757263 2.0 2
1738097757279 3.0 3
1738097757299 4.0 4
1738097757316 5.0 5
1738097757333 6.0 6
1738097757351 7.0 7
1738097757368 8.0 8
1738097757384 9.0 9
1738097811693 0.0 0
1738097811711 1.0 1
1738097811728 2.0 2
1738097811744 3.0 3
1738097811761 4.0 4
1738097811777 5.0 5
1738097811793 6.0 6
1738097811809 7.0 7
1738097811825 8.0 8
1738097811843 9.0 9
1738097854967 0.0 0
1738097854982 1.0 1
1738097854993 2.0 2
1738097855004 3.0 3
1738097855016 4.0 4
1738097855027 5.0 5
1738097855038 6.0 6
1738097855049 7.0 7
1738097855060 8.0 8
1738097855071 9.0 9
1738097890508 0.0 0
1738097890520 1.0 1
1738097890531 2.0 2
1738097890541 3.0 3
1738097890552 4.0 4
1738097890565 5.0 5
1738097890577 6.0 6
1738097890587 7.0 7
1738097890599 8.0 8
1738097890611 9.0 9
1738097930333 0.0 0
1738097930345 1.0 1
1738097930359 2.0 2
1738097930370 3.0 3
1738097930381 4.0 4
1738097930391 5.0 5
1738097930402 6.0 6
1738097930413 7.0 7
1738097930425 8.0 8
1738097930437 9.0 9
1738097966691 0.0 0
1738097966702 1.0 1
1738097966714 2.0 2
1738097966725 3.0 3
1738097966739 4.0 4
1738097966750 5.0 5
1738097966764 6.0 6
1738097966782 7.0 7
1738097966796 8.0 8
1738097966806 9.0 9
1738098003892 0.0 0
1738098003909 1.0 1
1738098003925 2.0 2
1738098003941 3.0 3
1738098003958 4.0 4
1738098003975 5.0 5
1738098003994 6.0 6
1738098004012 7.0 7
1738098004030 8.0 8
1738098004047 9.0 9
