1738097602181 0.5328782200813293 0
1738097602194 0.6548818349838257 1
1738097602206 0.4569683074951172 2
1738097602217 0.41602885723114014 3
1738097602227 0.2619432806968689 4
1738097602242 0.34785693883895874 5
1738097602261 0.24320125579833984 6
1738097602281 0.23736824095249176 7
1738097602307 0.1489604413509369 8
1738097602325 0.16829541325569153 9
1738097656207 0.300037682056427 0
1738097656224 0.28352394700050354 1
1738097656244 0.06534846127033234 2
1738097656260 0.2963859438896179 3
1738097656276 0.37727293372154236 4
1738097656299 0.2376697063446045 5
1738097656315 0.2337324023246765 6
1738097656334 0.1687222421169281 7
1738097656351 0.13354724645614624 8
1738097656367 0.09834209084510803 9
1738097706906 0.436950147151947 0
1738097706929 0.4724920690059662 1
1738097706949 0.34361129999160767 2
1738097706977 0.42601218819618225 3
1738097706997 0.2241409420967102 4
1738097707023 0.1283634901046753 5
1738097707041 0.18701821565628052 6
1738097707066 0.09742840379476547 7
1738097707085 0.09677844494581223 8
1738097707103 0.0779261514544487 9
1738097757220 0.7407119274139404 0
1738097757246 0.6189541220664978 1
1738097757263 0.3744301199913025 2
1738097757279 0.36753612756729126 3
1738097757299 0.15603195130825043 4
1738097757316 0.1425178050994873 5
1738097757333 0.15935491025447845 6
1738097757351 0.1390739381313324 7
1738097757368 0.13610705733299255 8
1738097757384 0.05771277844905853 9
1738097811693 0.44665977358818054 0
1738097811711 0.4870927631855011 1
1738097811728 0.210653617978096 2
1738097811744 0.31983405351638794 3
1738097811761 0.26732203364372253 4
1738097811777 0.21714997291564941 5
1738097811793 0.26064643263816833 6
1738097811809 0.1463090181350708 7
1738097811825 0.1950444132089615 8
1738097811843 0.24594523012638092 9
1738097854967 0.669429361820221 0
1738097854982 0.6338224411010742 1
1738097854993 0.4803832173347473 2
1738097855004 0.3608337640762329 3
1738097855016 0.3971000015735626 4
1738097855027 0.4092509150505066 5
1738097855038 0.23392631113529205 6
1738097855049 0.19146643579006195 7
1738097855060 0.20814639329910278 8
1738097855071 0.19256186485290527 9
1738097890508 0.5512609481811523 0
1738097890520 0.5945452451705933 1
1738097890531 0.38220325112342834 2
1738097890541 0.2728579044342041 3
1738097890552 0.32348906993865967 4
1738097890565 0.25479280948638916 5
1738097890577 0.2396765500307083 6
1738097890587 0.14803020656108856 7
1738097890599 0.20980778336524963 8
1738097890611 0.15060895681381226 9
1738097930333 0.477619469165802 0
1738097930345 0.486806184053421 1
1738097930359 0.36565735936164856 2
1738097930370 0.3728475272655487 3
1738097930381 0.4318341016769409 4
1738097930391 0.38542014360427856 5
1738097930402 0.35152819752693176 6
1738097930413 0.3574407398700714 7
1738097930425 0.2825871706008911 8
1738097930437 0.2053663581609726 9
1738097966691 0.48032060265541077 0
1738097966702 0.41695138812065125 1
1738097966714 0.3822093605995178 2
1738097966725 0.6133958697319031 3
1738097966739 0.4458853006362915 4
1738097966750 0.40425965189933777 5
1738097966764 0.39895424246788025 6
1738097966782 0.4032782316207886 7
1738097966796 0.34558624029159546 8
1738097966806 0.18528661131858826 9
1738098003892 0.29388540983200073 0
1738098003909 0.1447482854127884 1
1738098003925 0.2031121551990509 2
1738098003941 0.411286324262619 3
1738098003958 0.2780452370643616 4
1738098003975 0.23808296024799347 5
1738098003994 0.14397050440311432 6
1738098004012 0.2347647249698639 7
1738098004030 0.32840293645858765 8
1738098004047 0.19567275047302246 9
