1738684583696 0.0 0
1738684583714 1.0 1
1738684583731 2.0 2
1738684583745 3.0 3
1738684583759 4.0 4
1738684583772 5.0 5
1738684583786 6.0 6
1738684583799 7.0 7
1738684583813 8.0 8
1738684583827 9.0 9
1738684655920 0.0 0
1738684655934 1.0 1
1738684655949 2.0 2
1738684655962 3.0 3
1738684655976 4.0 4
1738684655989 5.0 5
1738684656004 6.0 6
1738684656018 7.0 7
1738684656032 8.0 8
1738684656045 9.0 9
1738684736201 0.0 0
1738684736222 1.0 1
1738684736241 2.0 2
1738684736261 3.0 3
1738684736281 4.0 4
1738684736303 5.0 5
1738684736323 6.0 6
1738684736343 7.0 7
1738684736357 8.0 8
1738684736371 9.0 9
1738684810815 0.0 0
1738684810835 1.0 1
1738684810854 2.0 2
1738684810874 3.0 3
1738684810893 4.0 4
1738684810913 5.0 5
1738684810935 6.0 6
1738684810954 7.0 7
1738684810974 8.0 8
1738684810998 9.0 9
1738684890140 0.0 0
1738684890162 1.0 1
1738684890182 2.0 2
1738684890202 3.0 3
1738684890223 4.0 4
1738684890244 5.0 5
1738684890279 6.0 6
1738684890309 7.0 7
1738684890336 8.0 8
1738684890356 9.0 9
1738684943187 0.0 0
1738684943216 1.0 1
1738684943246 2.0 2
1738684943280 3.0 3
1738684943313 4.0 4
1738684943342 5.0 5
1738684943372 6.0 6
1738684943401 7.0 7
1738684943422 8.0 8
1738684943450 9.0 9
1738684999147 0.0 0
1738684999174 1.0 1
1738684999198 2.0 2
1738684999223 3.0 3
1738684999247 4.0 4
1738684999269 5.0 5
1738684999295 6.0 6
1738684999322 7.0 7
1738684999343 8.0 8
1738684999366 9.0 9
1738685057389 0.0 0
1738685057412 1.0 1
1738685057447 2.0 2
1738685057470 3.0 3
1738685057494 4.0 4
1738685057519 5.0 5
1738685057546 6.0 6
1738685057585 7.0 7
1738685057608 8.0 8
1738685057630 9.0 9
1738685112654 0.0 0
1738685112676 1.0 1
1738685112704 2.0 2
1738685112735 3.0 3
1738685112768 4.0 4
1738685112795 5.0 5
1738685112814 6.0 6
1738685112834 7.0 7
1738685112854 8.0 8
1738685112874 9.0 9
1738685167211 0.0 0
1738685167234 1.0 1
1738685167262 2.0 2
1738685167290 3.0 3
1738685167313 4.0 4
1738685167334 5.0 5
1738685167357 6.0 6
1738685167378 7.0 7
1738685167402 8.0 8
1738685167434 9.0 9
