1738684583696 0.9648182392120361 0
1738684583714 0.4505193829536438 1
1738684583731 0.3451976776123047 2
1738684583745 0.38943201303482056 3
1738684583759 0.16509351134300232 4
1738684583772 0.2737930119037628 5
1738684583786 0.10833931714296341 6
1738684583799 0.1609915941953659 7
1738684583813 0.08435502648353577 8
1738684583827 0.11421993374824524 9
1738684655920 0.20695947110652924 0
1738684655934 0.09135330468416214 1
1738684655949 0.08117225766181946 2
1738684655962 0.020717542618513107 3
1738684655976 0.029078271239995956 4
1738684655989 0.04477233067154884 5
1738684656004 0.04294869676232338 6
1738684656018 0.03225027769804001 7
1738684656032 0.04698562249541283 8
1738684656045 0.023216012865304947 9
1738684736201 0.2028294950723648 0
1738684736222 0.20044516026973724 1
1738684736241 0.08021411299705505 2
1738684736261 0.1436607539653778 3
1738684736281 0.12535642087459564 4
1738684736303 0.02659282088279724 5
1738684736323 0.04308629408478737 6
1738684736343 0.034956857562065125 7
1738684736357 0.015638111159205437 8
1738684736371 0.03553168475627899 9
1738684810815 0.3348188102245331 0
1738684810835 0.003840709337964654 1
1738684810854 0.2376561462879181 2
1738684810874 0.27952805161476135 3
1738684810893 0.33126842975616455 4
1738684810913 0.12049245089292526 5
1738684810935 0.002587628085166216 6
1738684810954 0.2157219499349594 7
1738684810974 0.14873400330543518 8
1738684810998 0.04856952279806137 9
1738684890140 0.1597404181957245 0
1738684890162 0.2089957892894745 1
1738684890182 0.18714307248592377 2
1738684890202 0.33517900109291077 3
1738684890223 0.20014315843582153 4
1738684890244 0.1436425894498825 5
1738684890279 0.3199607729911804 6
1738684890309 0.1701766401529312 7
1738684890336 0.31984981894493103 8
1738684890356 0.14977087080478668 9
1738684943187 0.23779037594795227 0
1738684943216 0.13150654733181 1
1738684943246 0.089349664747715 2
1738684943280 0.06055362522602081 3
1738684943313 0.07848045229911804 4
1738684943342 0.041141871362924576 5
1738684943372 0.05105016380548477 6
1738684943401 0.04427705332636833 7
1738684943422 0.033831290900707245 8
1738684943450 0.03329407796263695 9
1738684999147 0.17429065704345703 0
1738684999174 0.18691962957382202 1
1738684999198 0.14310239255428314 2
1738684999223 0.1304108053445816 3
1738684999247 0.055261269211769104 4
1738684999269 0.10806198418140411 5
1738684999295 0.056316178292036057 6
1738684999322 0.050303444266319275 7
1738684999343 0.06454944610595703 8
1738684999366 0.041618462651968 9
1738685057389 0.0 0
1738685057412 0.0 1
1738685057447 0.0 2
1738685057470 0.0 3
1738685057494 0.0 4
1738685057519 0.0 5
1738685057546 0.0 6
1738685057585 0.0 7
1738685057608 0.0 8
1738685057630 0.0 9
1738685112654 8.528044759259501e-07 0
1738685112676 2.1090872337481414e-07 1
1738685112704 1.8339889606977522e-08 2
1738685112735 2.7509834410466283e-08 3
1738685112768 0.0 4
1738685112795 0.0 5
1738685112814 0.0 6
1738685112834 0.0 7
1738685112854 0.0 8
1738685112874 0.0 9
1738685167211 4.383216037240345e-06 0
1738685167234 5.501964892573596e-07 1
1738685167262 1.0086939283837637e-07 2
1738685167290 1.8339889606977522e-08 3
1738685167313 0.0 4
1738685167334 0.0 5
1738685167357 0.0 6
1738685167378 0.0 7
1738685167402 0.0 8
1738685167434 0.0 9
