1737053509243 0.0 0
1737053509259 1.0 1
1737053509270 2.0 2
1737053509282 3.0 3
1737053509293 4.0 4
1737053509304 5.0 5
1737053509315 6.0 6
1737053509331 7.0 7
1737053509354 8.0 8
1737053509373 9.0 9
1737053528074 0.0 0
1737053528089 1.0 1
1737053528104 2.0 2
1737053528120 3.0 3
1737053528138 4.0 4
1737053528155 5.0 5
1737053528172 6.0 6
1737053528189 7.0 7
1737053528204 8.0 8
1737053528223 9.0 9
1737053534453 0.0 0
1737053534464 1.0 1
1737053534475 2.0 2
1737053534489 3.0 3
1737053534506 4.0 4
1737053534518 5.0 5
1737053534529 6.0 6
1737053534539 7.0 7
1737053534549 8.0 8
1737053534560 9.0 9
1737053539606 0.0 0
1737053539617 1.0 1
1737053539627 2.0 2
1737053539638 3.0 3
1737053539648 4.0 4
1737053539659 5.0 5
1737053539670 6.0 6
1737053539681 7.0 7
1737053539692 8.0 8
1737053539704 9.0 9
1737053547408 0.0 0
1737053547425 1.0 1
1737053547441 2.0 2
1737053547457 3.0 3
1737053547474 4.0 4
1737053547503 5.0 5
1737053547525 6.0 6
1737053547542 7.0 7
1737053547558 8.0 8
1737053547578 9.0 9
1737053553347 0.0 0
1737053553364 1.0 1
1737053553380 2.0 2
1737053553397 3.0 3
1737053553414 4.0 4
1737053553431 5.0 5
1737053553449 6.0 6
1737053553469 7.0 7
1737053553481 8.0 8
1737053553493 9.0 9
1737053559585 0.0 0
1737053559601 1.0 1
1737053559617 2.0 2
1737053559632 3.0 3
1737053559648 4.0 4
1737053559663 5.0 5
1737053559679 6.0 6
1737053559694 7.0 7
1737053559709 8.0 8
1737053559725 9.0 9
1737053566873 0.0 0
1737053566889 1.0 1
1737053566905 2.0 2
1737053566924 3.0 3
1737053566943 4.0 4
1737053566958 5.0 5
1737053566976 6.0 6
1737053566991 7.0 7
1737053567006 8.0 8
1737053567021 9.0 9
1737053572608 0.0 0
1737053572619 1.0 1
1737053572630 2.0 2
1737053572645 3.0 3
1737053572659 4.0 4
1737053572670 5.0 5
1737053572680 6.0 6
1737053572697 7.0 7
1737053572713 8.0 8
1737053572725 9.0 9
1737053579144 0.0 0
1737053579172 1.0 1
1737053579196 2.0 2
1737053579214 3.0 3
1737053579238 4.0 4
1737053579263 5.0 5
1737053579282 6.0 6
1737053579299 7.0 7
1737053579315 8.0 8
1737053579332 9.0 9
