1737053509243 0.7030548453330994 0
1737053509259 0.604844331741333 1
1737053509270 0.580349326133728 2
1737053509282 0.6209708452224731 3
1737053509293 0.5879284143447876 4
1737053509304 0.5420830845832825 5
1737053509315 0.660369873046875 6
1737053509331 0.6140921115875244 7
1737053509354 0.6209196448326111 8
1737053509373 0.6791109442710876 9
1737053528074 0.6633226871490479 0
1737053528089 0.5604113936424255 1
1737053528104 0.5653809905052185 2
1737053528120 0.5737675428390503 3
1737053528138 0.5608497262001038 4
1737053528155 0.8069978952407837 5
1737053528172 0.6154601573944092 6
1737053528189 0.6135683655738831 7
1737053528204 0.5405325293540955 8
1737053528223 0.6015909910202026 9
1737053534453 0.4888269603252411 0
1737053534464 0.7237061858177185 1
1737053534475 0.5534088015556335 2
1737053534489 0.5847358107566833 3
1737053534506 0.4790770411491394 4
1737053534518 0.5407609939575195 5
1737053534529 0.390764057636261 6
1737053534539 0.4884278178215027 7
1737053534549 0.6010256409645081 8
1737053534560 0.355611115694046 9
1737053539606 0.6673327684402466 0
1737053539617 0.6592311263084412 1
1737053539627 0.5604520440101624 2
1737053539638 0.5547664761543274 3
1737053539648 0.647514283657074 4
1737053539659 0.7674344778060913 5
1737053539670 0.6295538544654846 6
1737053539681 0.7105019688606262 7
1737053539692 0.6044210195541382 8
1737053539704 0.6298010945320129 9
1737053547408 0.588883638381958 0
1737053547425 0.6429668068885803 1
1737053547441 0.5906002521514893 2
1737053547457 0.39774683117866516 3
1737053547474 0.6867958307266235 4
1737053547503 0.5861014127731323 5
1737053547525 0.72440105676651 6
1737053547542 0.6250811815261841 7
1737053547558 0.4998575448989868 8
1737053547578 0.4379025995731354 9
1737053553347 0.33351612091064453 0
1737053553364 0.5597791075706482 1
1737053553380 0.5336806178092957 2
1737053553397 0.6488269567489624 3
1737053553414 0.5518926382064819 4
1737053553431 0.6265729069709778 5
1737053553449 0.45570075511932373 6
1737053553469 0.5879701972007751 7
1737053553481 0.32937970757484436 8
1737053553493 0.5630491375923157 9
1737053559585 0.4715323746204376 0
1737053559601 0.6496467590332031 1
1737053559617 0.4853600263595581 2
1737053559632 0.5037431120872498 3
1737053559648 0.4856279194355011 4
1737053559663 0.4021776020526886 5
1737053559679 0.47656548023223877 6
1737053559694 0.43612438440322876 7
1737053559709 0.6055846214294434 8
1737053559725 0.43351924419403076 9
1737053566873 0.5533064007759094 0
1737053566889 0.4777291715145111 1
1737053566905 0.641832709312439 2
1737053566924 0.308879017829895 3
1737053566943 0.44385501742362976 4
1737053566958 0.7004479765892029 5
1737053566976 0.6868762969970703 6
1737053566991 0.8492714166641235 7
1737053567006 0.5811632871627808 8
1737053567021 0.7537847757339478 9
1737053572608 0.5362368822097778 0
1737053572619 0.5140480399131775 1
1737053572630 0.43869492411613464 2
1737053572645 0.5236902832984924 3
1737053572659 0.44352272152900696 4
1737053572670 0.5285325646400452 5
1737053572680 0.44707992672920227 6
1737053572697 0.5246154069900513 7
1737053572713 0.3258661925792694 8
1737053572725 0.33914437890052795 9
1737053579144 0.4499458968639374 0
1737053579172 0.8440388441085815 1
1737053579196 0.5264923572540283 2
1737053579214 0.4246402084827423 3
1737053579238 0.3392939865589142 4
1737053579263 0.4453178644180298 5
1737053579282 0.4832330346107483 6
1737053579299 0.3573168218135834 7
1737053579315 0.49184805154800415 8
1737053579332 0.35770928859710693 9
