1738760087308 0.24801042675971985 0
1738760087336 0.1815447211265564 1
1738760087363 0.11796855181455612 2
1738760087385 0.07732140272855759 3
1738760087408 0.05451299622654915 4
1738760087432 0.02917531132698059 5
1738760087455 0.014680802822113037 6
1738760087470 0.01065928116440773 7
1738760087488 0.007000132463872433 8
1738760087504 0.003542382037267089 9
1738760098183 8.644832269055769e-05 0
1738760098235 4.5232598495204e-05 1
1738760098265 4.694990821008105e-06 2
1738760098293 1.861495547927916e-06 3
1738760098320 9.445032560506661e-07 4
1738760098350 1.833988676480658e-07 5
1738760098381 2.7509834410466283e-08 6
1738760098407 0.0 7
1738760098439 1.8339887830620683e-08 8
1738760098465 1.8339889606977522e-08 9
