1738095871909 0.0 0
1738095871933 1.0 1
1738095871957 2.0 2
1738095871979 3.0 3
1738095872005 4.0 4
1738095872022 5.0 5
1738095872044 6.0 6
1738095872063 7.0 7
1738095872080 8.0 8
1738095872101 9.0 9
1738095926066 0.0 0
1738095926090 1.0 1
1738095926116 2.0 2
1738095926136 3.0 3
1738095926157 4.0 4
1738095926183 5.0 5
1738095926209 6.0 6
1738095926227 7.0 7
1738095926244 8.0 8
1738095926261 9.0 9
1738095978574 0.0 0
1738095978592 1.0 1
1738095978609 2.0 2
1738095978626 3.0 3
1738095978643 4.0 4
1738095978663 5.0 5
1738095978683 6.0 6
1738095978709 7.0 7
1738095978731 8.0 8
1738095978751 9.0 9
1738096036193 0.0 0
1738096036215 1.0 1
1738096036242 2.0 2
1738096036268 3.0 3
1738096036293 4.0 4
1738096036321 5.0 5
1738096036344 6.0 6
1738096036370 7.0 7
1738096036392 8.0 8
1738096036417 9.0 9
1738096091061 0.0 0
1738096091087 1.0 1
1738096091118 2.0 2
1738096091142 3.0 3
1738096091171 4.0 4
1738096091194 5.0 5
1738096091212 6.0 6
1738096091229 7.0 7
1738096091248 8.0 8
1738096091267 9.0 9
1738096135605 0.0 0
1738096135618 1.0 1
1738096135629 2.0 2
1738096135642 3.0 3
1738096135654 4.0 4
1738096135666 5.0 5
1738096135679 6.0 6
1738096135691 7.0 7
1738096135703 8.0 8
1738096135715 9.0 9
1738096173258 0.0 0
1738096173279 1.0 1
1738096173298 2.0 2
1738096173317 3.0 3
1738096173335 4.0 4
1738096173354 5.0 5
1738096173370 6.0 6
1738096173382 7.0 7
1738096173393 8.0 8
1738096173405 9.0 9
1738096217905 0.0 0
1738096217917 1.0 1
1738096217929 2.0 2
1738096217941 3.0 3
1738096217953 4.0 4
1738096217969 5.0 5
1738096217981 6.0 6
1738096217992 7.0 7
1738096218004 8.0 8
1738096218016 9.0 9
1738096257425 0.0 0
1738096257438 1.0 1
1738096257450 2.0 2
1738096257462 3.0 3
1738096257473 4.0 4
1738096257486 5.0 5
1738096257498 6.0 6
1738096257510 7.0 7
1738096257522 8.0 8
1738096257534 9.0 9
1738096295419 0.0 0
1738096295439 1.0 1
1738096295456 2.0 2
1738096295474 3.0 3
1738096295494 4.0 4
1738096295512 5.0 5
1738096295535 6.0 6
1738096295556 7.0 7
1738096295578 8.0 8
1738096295603 9.0 9
