1738095871909 0.7582768797874451 0
1738095871933 0.5424692630767822 1
1738095871957 0.3082854449748993 2
1738095871979 0.4574705958366394 3
1738095872005 0.32249900698661804 4
1738095872022 0.12764133512973785 5
1738095872044 0.08954977989196777 6
1738095872063 0.2258332073688507 7
1738095872080 0.07148842513561249 8
1738095872101 0.10465896129608154 9
1738095926066 0.38771384954452515 0
1738095926090 0.3065377473831177 1
1738095926116 0.24765446782112122 2
1738095926136 0.24671520292758942 3
1738095926157 0.14420926570892334 4
1738095926183 0.09762440621852875 5
1738095926209 0.0557570643723011 6
1738095926227 0.040007270872592926 7
1738095926244 0.021214770153164864 8
1738095926261 0.022542549297213554 9
1738095978574 0.3234540522098541 0
1738095978592 0.268118679523468 1
1738095978609 0.2117491513490677 2
1738095978626 0.19784432649612427 3
1738095978643 0.11555413901805878 4
1738095978663 0.12932930886745453 5
1738095978683 0.13009962439537048 6
1738095978709 0.08394308388233185 7
1738095978731 0.06550802290439606 8
1738095978751 0.05465557798743248 9
1738096036193 0.44795066118240356 0
1738096036215 0.29378950595855713 1
1738096036242 0.29154378175735474 2
1738096036268 0.27321112155914307 3
1738096036293 0.2224058210849762 4
1738096036321 0.1936318725347519 5
1738096036344 0.1857473999261856 6
1738096036370 0.12512023746967316 7
1738096036392 0.14715315401554108 8
1738096036417 0.1333753764629364 9
1738096091061 0.40878644585609436 0
1738096091087 0.32451921701431274 1
1738096091118 0.24096128344535828 2
1738096091142 0.3191922605037689 3
1738096091171 0.10317151993513107 4
1738096091194 0.08727121353149414 5
1738096091212 0.11911896616220474 6
1738096091229 0.10476036369800568 7
1738096091248 0.050915833562612534 8
1738096091267 0.05474849045276642 9
1738096135605 0.192784383893013 0
1738096135618 0.24650166928768158 1
1738096135629 0.19736820459365845 2
1738096135642 0.15379007160663605 3
1738096135654 0.12614195048809052 4
1738096135666 0.0641196072101593 5
1738096135679 0.14018192887306213 6
1738096135691 0.07657874375581741 7
1738096135703 0.05146215483546257 8
1738096135715 0.07159529626369476 9
1738096173258 0.32414156198501587 0
1738096173279 0.21740815043449402 1
1738096173298 0.21456335484981537 2
1738096173317 0.15579523146152496 3
1738096173335 0.14927464723587036 4
1738096173354 0.1316392570734024 5
1738096173370 0.17649921774864197 6
1738096173382 0.14060989022254944 7
1738096173393 0.12174297124147415 8
1738096173405 0.08912571519613266 9
1738096217905 0.2474374771118164 0
1738096217917 0.400467187166214 1
1738096217929 0.2770099937915802 2
1738096217941 0.1817910373210907 3
1738096217953 0.1654353141784668 4
1738096217969 0.11096277832984924 5
1738096217981 0.11109764128923416 6
1738096217992 0.10561616718769073 7
1738096218004 0.08497704565525055 8
1738096218016 0.0500112920999527 9
1738096257425 1.3568816184997559 0
1738096257438 0.7105219960212708 1
1738096257450 0.5080586671829224 2
1738096257462 0.9571605920791626 3
1738096257473 0.3070194125175476 4
1738096257486 0.6177834272384644 5
1738096257498 0.459073543548584 6
1738096257510 0.3673279583454132 7
1738096257522 0.2811834216117859 8
1738096257534 0.16084223985671997 9
1738096295419 0.34285804629325867 0
1738096295439 0.22568130493164062 1
1738096295456 0.3615419566631317 2
1738096295474 0.22257623076438904 3
1738096295494 0.15295107662677765 4
1738096295512 0.21039387583732605 5
1738096295535 0.13931986689567566 6
1738096295556 0.13008737564086914 7
1738096295578 0.13320580124855042 8
1738096295603 0.091338150203228 9
