1738693637020 0.0 0
1738693637035 1.0 1
1738693637049 2.0 2
1738693637063 3.0 3
1738693637076 4.0 4
1738693637090 5.0 5
1738693637103 6.0 6
1738693637117 7.0 7
1738693637140 8.0 8
1738693637160 9.0 9
1738693706439 0.0 0
1738693706453 1.0 1
1738693706469 2.0 2
1738693706483 3.0 3
1738693706497 4.0 4
1738693706510 5.0 5
1738693706523 6.0 6
1738693706536 7.0 7
1738693706550 8.0 8
1738693706562 9.0 9
1738693760900 0.0 0
1738693760924 1.0 1
1738693760947 2.0 2
1738693760972 3.0 3
1738693760998 4.0 4
1738693761028 5.0 5
1738693761053 6.0 6
1738693761083 7.0 7
1738693761104 8.0 8
1738693761125 9.0 9
1738693840565 0.0 0
1738693840585 1.0 1
1738693840604 2.0 2
1738693840624 3.0 3
1738693840643 4.0 4
1738693840662 5.0 5
1738693840682 6.0 6
1738693840702 7.0 7
1738693840721 8.0 8
1738693840741 9.0 9
1738693889279 0.0 0
1738693889312 1.0 1
1738693889341 2.0 2
1738693889361 3.0 3
1738693889381 4.0 4
1738693889401 5.0 5
1738693889428 6.0 6
1738693889449 7.0 7
1738693889469 8.0 8
1738693889493 9.0 9
1738693974282 0.0 0
1738693974302 1.0 1
1738693974327 2.0 2
1738693974353 3.0 3
1738693974373 4.0 4
1738693974392 5.0 5
1738693974412 6.0 6
1738693974432 7.0 7
1738693974454 8.0 8
1738693974473 9.0 9
1738694027163 0.0 0
1738694027182 1.0 1
1738694027202 2.0 2
1738694027221 3.0 3
1738694027240 4.0 4
1738694027259 5.0 5
1738694027281 6.0 6
1738694027311 7.0 7
1738694027340 8.0 8
1738694027361 9.0 9
1738694079337 0.0 0
1738694079356 1.0 1
1738694079381 2.0 2
1738694079401 3.0 3
1738694079421 4.0 4
1738694079441 5.0 5
1738694079465 6.0 6
1738694079493 7.0 7
1738694079521 8.0 8
1738694079548 9.0 9
1738694136949 0.0 0
1738694136981 1.0 1
1738694137010 2.0 2
1738694137035 3.0 3
1738694137058 4.0 4
1738694137081 5.0 5
1738694137102 6.0 6
1738694137121 7.0 7
1738694137140 8.0 8
1738694137160 9.0 9
1738694193226 0.0 0
1738694193254 1.0 1
1738694193283 2.0 2
1738694193301 3.0 3
1738694193320 4.0 4
1738694193339 5.0 5
1738694193358 6.0 6
1738694193376 7.0 7
1738694193396 8.0 8
1738694193419 9.0 9
