1738693637020 0.5977281928062439 0
1738693637035 0.5420080423355103 1
1738693637049 0.6156136989593506 2
1738693637063 0.3584504723548889 3
1738693637076 0.34904542565345764 4
1738693637090 0.2913166284561157 5
1738693637103 0.30883243680000305 6
1738693637117 0.27383312582969666 7
1738693637140 0.1648869663476944 8
1738693637160 0.1254473626613617 9
1738693706439 0.18585985898971558 0
1738693706453 0.09775041788816452 1
1738693706469 0.06014619395136833 2
1738693706483 0.056057509034872055 3
1738693706497 0.06463740766048431 4
1738693706510 0.05449198931455612 5
1738693706523 0.033229269087314606 6
1738693706536 0.01872250810265541 7
1738693706550 0.009913484565913677 8
1738693706562 0.005855506286025047 9
1738693760900 0.14467783272266388 0
1738693760924 0.2842472791671753 1
1738693760947 0.16776521503925323 2
1738693760972 0.09580408781766891 3
1738693760998 0.07783464342355728 4
1738693761028 0.05588681995868683 5
1738693761053 0.08640202134847641 6
1738693761083 0.0591161772608757 7
1738693761104 0.029841510578989983 8
1738693761125 0.05971401929855347 9
1738693840565 1.3469473123550415 0
1738693840585 1.252152681350708 1
1738693840604 0.7162990570068359 2
1738693840624 0.5808824896812439 3
1738693840643 0.5319575667381287 4
1738693840662 0.29383552074432373 5
1738693840682 0.11977268755435944 6
1738693840702 0.135255828499794 7
1738693840721 0.17558281123638153 8
1738693840741 0.1179008036851883 9
1738693889279 0.00020075312932021916 0
1738693889312 4.386705404613167e-05 1
1738693889341 7.748522875772323e-06 2
1738693889361 3.649620566648082e-06 3
1738693889381 1.1095622767243185e-06 4
1738693889401 2.8426822495930537e-07 5
1738693889428 1.8339889606977522e-07 6
1738693889449 7.335955132248273e-08 7
1738693889469 9.169944803488761e-09 8
1738693889493 0.0 9
1738693974282 0.00339372712187469 0
1738693974302 0.08143102377653122 1
1738693974327 0.06798732280731201 2
1738693974353 0.05899249017238617 3
1738693974373 0.14065943658351898 4
1738693974392 0.03376709669828415 5
1738693974412 0.06106352433562279 6
1738693974432 0.0007500944193452597 7
1738693974454 0.021753527224063873 8
1738693974473 0.07936321198940277 9
1738694027163 2.8802243832615204e-05 0
1738694027182 1.1902487131010275e-05 1
1738694027202 4.218151389068225e-06 2
1738694027221 8.252944780906546e-07 3
1738694027240 3.5762775496550603e-07 4
1738694027259 1.6505897804108827e-07 5
1738694027281 3.6679779213955044e-08 6
1738694027311 1.8339889606977522e-08 7
1738694027340 0.0 8
1738694027361 0.0 9
1738694079337 0.2454197108745575 0
1738694079356 0.23426415026187897 1
1738694079381 0.1637517809867859 2
1738694079401 0.15203258395195007 3
1738694079421 0.10275312513113022 4
1738694079441 0.09165555983781815 5
1738694079465 0.05789921432733536 6
1738694079493 0.06164943426847458 7
1738694079521 0.024057447910308838 8
1738694079548 0.01420617289841175 9
1738694136949 0.1386159360408783 0
1738694136981 0.08597984910011292 1
1738694137010 0.08151989430189133 2
1738694137035 0.05640329420566559 3
1738694137058 0.05429321900010109 4
1738694137081 0.051147885620594025 5
1738694137102 0.02796446532011032 6
1738694137121 0.03635246306657791 7
1738694137140 0.013135829009115696 8
1738694137160 0.01398702897131443 9
1738694193226 0.14724676311016083 0
1738694193254 0.11032155901193619 1
1738694193283 0.062058743089437485 2
1738694193301 0.07434770464897156 3
1738694193320 0.040485356003046036 4
1738694193339 0.03066932037472725 5
1738694193358 0.024043168872594833 6
1738694193376 0.02202807553112507 7
1738694193396 0.015495664440095425 8
1738694193419 0.010479884222149849 9
