1738674922117 0.0 0
1738674922132 1.0 1
1738674922148 2.0 2
1738674922162 3.0 3
1738674922176 4.0 4
1738674922189 5.0 5
1738674922202 6.0 6
1738674922215 7.0 7
1738674922228 8.0 8
1738674922243 9.0 9
1738674979253 0.0 0
1738674979268 1.0 1
1738674979282 2.0 2
1738674979296 3.0 3
1738674979309 4.0 4
1738674979323 5.0 5
1738674979336 6.0 6
1738674979349 7.0 7
1738674979363 8.0 8
1738674979376 9.0 9
1738675037555 0.0 0
1738675037576 1.0 1
1738675037597 2.0 2
1738675037617 3.0 3
1738675037636 4.0 4
1738675037656 5.0 5
1738675037676 6.0 6
1738675037695 7.0 7
1738675037715 8.0 8
1738675037740 9.0 9
1738675100477 0.0 0
1738675100501 1.0 1
1738675100521 2.0 2
1738675100540 3.0 3
1738675100559 4.0 4
1738675100579 5.0 5
1738675100604 6.0 6
1738675100628 7.0 7
1738675100650 8.0 8
1738675100669 9.0 9
1738675159562 0.0 0
1738675159594 1.0 1
1738675159618 2.0 2
1738675159648 3.0 3
1738675159673 4.0 4
1738675159697 5.0 5
1738675159717 6.0 6
1738675159740 7.0 7
1738675159760 8.0 8
1738675159779 9.0 9
1738675257272 0.0 0
1738675257301 1.0 1
1738675257339 2.0 2
1738675257376 3.0 3
1738675257408 4.0 4
1738675257435 5.0 5
1738675257458 6.0 6
1738675257486 7.0 7
1738675257511 8.0 8
1738675257532 9.0 9
1738675357012 0.0 0
1738675357055 1.0 1
1738675357084 2.0 2
1738675357115 3.0 3
1738675357136 4.0 4
1738675357167 5.0 5
1738675357191 6.0 6
1738675357222 7.0 7
1738675357249 8.0 8
1738675357279 9.0 9
1738675456747 0.0 0
1738675456765 1.0 1
1738675456795 2.0 2
1738675456819 3.0 3
1738675456843 4.0 4
1738675456864 5.0 5
1738675456884 6.0 6
1738675456904 7.0 7
1738675456924 8.0 8
1738675456947 9.0 9
1738675515041 0.0 0
1738675515060 1.0 1
1738675515078 2.0 2
1738675515099 3.0 3
1738675515124 4.0 4
1738675515144 5.0 5
1738675515163 6.0 6
1738675515184 7.0 7
1738675515209 8.0 8
1738675515235 9.0 9
1738675609904 0.0 0
1738675609941 1.0 1
1738675609968 2.0 2
1738675609994 3.0 3
1738675610020 4.0 4
1738675610049 5.0 5
1738675610074 6.0 6
1738675610103 7.0 7
1738675610129 8.0 8
1738675610153 9.0 9
