1738674922117 0.9911588430404663 0
1738674922132 0.49542558193206787 1
1738674922148 0.4133092164993286 2
1738674922162 0.550096869468689 3
1738674922176 0.29345977306365967 4
1738674922189 0.3244647681713104 5
1738674922202 0.2445293366909027 6
1738674922215 0.19572848081588745 7
1738674922228 0.27125605940818787 8
1738674922243 0.19238540530204773 9
1738674979253 0.05950142815709114 0
1738674979268 0.011313454248011112 1
1738674979282 0.0013481175992637873 2
1738674979296 0.0012416195822879672 3
1738674979309 0.0002922888088505715 4
1738674979323 5.700612018699758e-05 5
1738674979336 4.183172495686449e-05 6
1738674979349 3.1397092243423685e-05 7
1738674979363 6.321696855593473e-05 8
1738674979376 3.3836925013019936e-06 9
1738675037555 0.35483109951019287 0
1738675037576 0.19258372485637665 1
1738675037597 0.1405051350593567 2
1738675037617 0.10373715311288834 3
1738675037636 0.11327217519283295 4
1738675037656 0.07032318413257599 5
1738675037676 0.12032473087310791 6
1738675037695 0.025991251692175865 7
1738675037715 0.02969205006957054 8
1738675037740 0.031752996146678925 9
1738675100477 0.005059866234660149 0
1738675100501 0.001186104491353035 1
1738675100521 0.000595025485381484 2
1738675100540 0.00032153737265616655 3
1738675100559 5.1634055125759915e-05 4
1738675100579 3.36341472575441e-05 5
1738675100604 1.5414292647619732e-05 6
1738675100628 6.226353889360325e-06 7
1738675100650 2.246628582724952e-06 8
1738675100669 3.0902615435479674e-06 9
1738675159562 0.21093709766864777 0
1738675159594 0.2018744945526123 1
1738675159618 0.12637360394001007 2
1738675159648 0.10712986439466476 3
1738675159673 0.0615534707903862 4
1738675159697 0.06841888278722763 5
1738675159717 0.03821883350610733 6
1738675159740 0.03258809074759483 7
1738675159760 0.02163708582520485 8
1738675159779 0.01391897164285183 9
1738675257272 0.2749892771244049 0
1738675257301 0.13077571988105774 1
1738675257339 0.11103277653455734 2
1738675257376 0.0703798159956932 3
1738675257408 0.055509090423583984 4
1738675257435 0.0395849272608757 5
1738675257458 0.03198888525366783 6
1738675257486 0.03243501856923103 7
1738675257511 0.02376682683825493 8
1738675257532 0.015816204249858856 9
1738675357012 0.0778030976653099 0
1738675357055 0.17073577642440796 1
1738675357084 0.17124931514263153 2
1738675357115 0.13966122269630432 3
1738675357136 0.1384962946176529 4
1738675357167 0.12011630833148956 5
1738675357191 0.04241101071238518 6
1738675357222 0.06477692723274231 7
1738675357249 0.045329488813877106 8
1738675357279 0.04278984293341637 9
1738675456747 0.16484802961349487 0
1738675456765 0.19649070501327515 1
1738675456795 0.21675409376621246 2
1738675456819 0.039410654455423355 3
1738675456843 0.18623995780944824 4
1738675456864 0.1330181509256363 5
1738675456884 0.09444265812635422 6
1738675456904 0.11356449127197266 7
1738675456924 0.13340608775615692 8
1738675456947 0.12179442495107651 9
1738675515041 0.1692633479833603 0
1738675515060 0.08420233428478241 1
1738675515078 0.05410163849592209 2
1738675515099 0.05309896916151047 3
1738675515124 0.07140380889177322 4
1738675515144 0.03754948824644089 5
1738675515163 0.011220678687095642 6
1738675515184 0.03128670156002045 7
1738675515209 0.03907472640275955 8
1738675515235 0.020129617303609848 9
1738675609904 0.1848718225955963 0
1738675609941 0.08204139769077301 1
1738675609968 0.03181057423353195 2
1738675609994 0.08264566212892532 3
1738675610020 0.09336057305335999 4
1738675610049 0.1441236138343811 5
1738675610074 0.12907224893569946 6
1738675610103 0.04626372829079628 7
1738675610129 0.027334770187735558 8
1738675610153 0.07051476836204529 9
