1738755448896 0.25636884570121765 0
1738755448952 0.1375945657491684 1
1738755449016 0.09426882117986679 2
1738755449065 0.07246913760900497 3
1738755449118 0.04842391610145569 4
1738755449160 0.03459092602133751 5
1738755449210 0.02387167513370514 6
1738755449261 0.017519095912575722 7
1738755449307 0.011545300483703613 8
1738755449359 0.00956046860665083 9
1738755466004 2.03222918510437 0
1738755466068 0.9979650974273682 1
1738755466125 0.6115673184394836 2
1738755466179 0.6437048316001892 3
1738755466218 0.3789299726486206 4
1738755466255 0.3957239091396332 5
1738755466311 0.39006030559539795 6
1738755466347 0.4421471357345581 7
1738755466397 0.4534849226474762 8
1738755466445 0.3578293025493622 9
