1738179975689 0.0 0
1738179975709 1.0 1
1738179975729 2.0 2
1738179975748 3.0 3
1738179975767 4.0 4
1738179975788 5.0 5
1738179975807 6.0 6
1738179975826 7.0 7
1738179975839 8.0 8
1738179975853 9.0 9
1738180035787 0.0 0
1738180035810 1.0 1
1738180035833 2.0 2
1738180035856 3.0 3
1738180035878 4.0 4
1738180035900 5.0 5
1738180035923 6.0 6
1738180035942 7.0 7
1738180035962 8.0 8
1738180035982 9.0 9
1738180099738 0.0 0
1738180099772 1.0 1
1738180099808 2.0 2
1738180099837 3.0 3
1738180099861 4.0 4
1738180099884 5.0 5
1738180099911 6.0 6
1738180099937 7.0 7
1738180099957 8.0 8
1738180099979 9.0 9
1738180165096 0.0 0
1738180165118 1.0 1
1738180165138 2.0 2
1738180165157 3.0 3
1738180165176 4.0 4
1738180165195 5.0 5
1738180165219 6.0 6
1738180165246 7.0 7
1738180165270 8.0 8
1738180165294 9.0 9
1738180225790 0.0 0
1738180225810 1.0 1
1738180225830 2.0 2
1738180225849 3.0 3
1738180225870 4.0 4
1738180225890 5.0 5
1738180225910 6.0 6
1738180225934 7.0 7
1738180225958 8.0 8
1738180225981 9.0 9
1738180272139 0.0 0
1738180272153 1.0 1
1738180272167 2.0 2
1738180272181 3.0 3
1738180272195 4.0 4
1738180272210 5.0 5
1738180272225 6.0 6
1738180272239 7.0 7
1738180272253 8.0 8
1738180272266 9.0 9
1738180319798 0.0 0
1738180319812 1.0 1
1738180319825 2.0 2
1738180319844 3.0 3
1738180319867 4.0 4
1738180319884 5.0 5
1738180319898 6.0 6
1738180319912 7.0 7
1738180319925 8.0 8
1738180319941 9.0 9
1738180363937 0.0 0
1738180363952 1.0 1
1738180363968 2.0 2
1738180363984 3.0 3
1738180364001 4.0 4
1738180364018 5.0 5
1738180364034 6.0 6
1738180364050 7.0 7
1738180364066 8.0 8
1738180364086 9.0 9
1738180406675 0.0 0
1738180406697 1.0 1
1738180406717 2.0 2
1738180406743 3.0 3
1738180406764 4.0 4
1738180406784 5.0 5
1738180406806 6.0 6
1738180406829 7.0 7
1738180406850 8.0 8
1738180406872 9.0 9
1738180449511 0.0 0
1738180449530 1.0 1
1738180449550 2.0 2
1738180449571 3.0 3
1738180449591 4.0 4
1738180449612 5.0 5
1738180449631 6.0 6
1738180449652 7.0 7
1738180449676 8.0 8
1738180449706 9.0 9
