1738179975689 0.6739712953567505 0
1738179975709 0.6706231236457825 1
1738179975729 0.3946606516838074 2
1738179975748 0.36548900604248047 3
1738179975767 0.27403295040130615 4
1738179975788 0.3165082633495331 5
1738179975807 0.2164558321237564 6
1738179975826 0.1610218733549118 7
1738179975839 0.11605454981327057 8
1738179975853 0.052503544837236404 9
1738180035787 0.451805055141449 0
1738180035810 0.34795424342155457 1
1738180035833 0.22006267309188843 2
1738180035856 0.27031347155570984 3
1738180035878 0.15966418385505676 4
1738180035900 0.1771652102470398 5
1738180035923 0.07543134689331055 6
1738180035942 0.06120767444372177 7
1738180035962 0.03746599331498146 8
1738180035982 0.07267440110445023 9
1738180099738 0.3076092600822449 0
1738180099772 0.4203183948993683 1
1738180099808 0.3172329068183899 2
1738180099837 0.22735708951950073 3
1738180099861 0.14734415709972382 4
1738180099884 0.12373104691505432 5
1738180099911 0.12240998446941376 6
1738180099937 0.08566346764564514 7
1738180099957 0.08994431793689728 8
1738180099979 0.07604166865348816 9
1738180165096 0.363456666469574 0
1738180165118 0.5257883071899414 1
1738180165138 0.3208675682544708 2
1738180165157 0.2663494944572449 3
1738180165176 0.24845121800899506 4
1738180165195 0.3316383957862854 5
1738180165219 0.15654422342777252 6
1738180165246 0.14629524946212769 7
1738180165270 0.08956228941679001 8
1738180165294 0.06998007744550705 9
1738180225790 0.3710682988166809 0
1738180225810 0.29388120770454407 1
1738180225830 0.27273398637771606 2
1738180225849 0.2946644723415375 3
1738180225870 0.27260681986808777 4
1738180225890 0.24407951533794403 5
1738180225910 0.1157722920179367 6
1738180225934 0.154586061835289 7
1738180225958 0.15883637964725494 8
1738180225981 0.1319209635257721 9
1738180272139 0.3347795903682709 0
1738180272153 0.4672471880912781 1
1738180272167 0.4190998077392578 2
1738180272181 0.3344634175300598 3
1738180272195 0.25609090924263 4
1738180272210 0.2054995745420456 5
1738180272225 0.29431554675102234 6
1738180272239 0.20055466890335083 7
1738180272253 0.1755685657262802 8
1738180272266 0.19841009378433228 9
1738180319798 0.5099223852157593 0
1738180319812 0.3953055143356323 1
1738180319825 0.2710825502872467 2
1738180319844 0.24381797015666962 3
1738180319867 0.2425915151834488 4
1738180319884 0.44990605115890503 5
1738180319898 0.3094917833805084 6
1738180319912 0.3874458074569702 7
1738180319925 0.10125081986188889 8
1738180319941 0.20676925778388977 9
1738180363937 0.3362460732460022 0
1738180363952 0.43941614031791687 1
1738180363968 0.34214863181114197 2
1738180363984 0.3794483542442322 3
1738180364001 0.3534124195575714 4
1738180364018 0.3837132751941681 5
1738180364034 0.2023247927427292 6
1738180364050 0.1917547881603241 7
1738180364066 0.2300911843776703 8
1738180364086 0.20720478892326355 9
1738180406675 0.31178730726242065 0
1738180406697 0.2830694317817688 1
1738180406717 0.3606344759464264 2
1738180406743 0.47683513164520264 3
1738180406764 0.37066349387168884 4
1738180406784 0.20118501782417297 5
1738180406806 0.26219871640205383 6
1738180406829 0.4394204020500183 7
1738180406850 0.3470523953437805 8
1738180406872 0.2718240022659302 9
1738180449511 0.41939619183540344 0
1738180449530 0.36232784390449524 1
1738180449550 0.3604677617549896 2
1738180449571 0.3150074779987335 3
1738180449591 0.27406299114227295 4
1738180449612 0.17822296917438507 5
1738180449631 0.21748605370521545 6
1738180449652 0.23817144334316254 7
1738180449676 0.2039051055908203 8
1738180449706 0.1725357174873352 9
