1736976314712 0.0 0
1736976314723 1.0 1
1736976314734 2.0 2
1736976314746 3.0 3
1736976314756 4.0 4
1736976314766 5.0 5
1736976314776 6.0 6
1736976314786 7.0 7
1736976314795 8.0 8
1736976314804 9.0 9
1736976341787 0.0 0
1736976341797 1.0 1
1736976341807 2.0 2
1736976341817 3.0 3
1736976341829 4.0 4
1736976341839 5.0 5
1736976341849 6.0 6
1736976341860 7.0 7
1736976341870 8.0 8
1736976341880 9.0 9
1736976369718 0.0 0
1736976369735 1.0 1
1736976369750 2.0 2
1736976369765 3.0 3
1736976369781 4.0 4
1736976369797 5.0 5
1736976369815 6.0 6
1736976369831 7.0 7
1736976369847 8.0 8
1736976369867 9.0 9
1736976395073 0.0 0
1736976395083 1.0 1
1736976395093 2.0 2
1736976395103 3.0 3
1736976395114 4.0 4
1736976395124 5.0 5
1736976395133 6.0 6
1736976395143 7.0 7
1736976395153 8.0 8
1736976395164 9.0 9
1736976422718 0.0 0
1736976422728 1.0 1
1736976422737 2.0 2
1736976422748 3.0 3
1736976422757 4.0 4
1736976422767 5.0 5
1736976422777 6.0 6
1736976422789 7.0 7
1736976422798 8.0 8
1736976422809 9.0 9
1736976450724 0.0 0
1736976450735 1.0 1
1736976450750 2.0 2
1736976450767 3.0 3
1736976450782 4.0 4
1736976450792 5.0 5
1736976450803 6.0 6
1736976450814 7.0 7
1736976450825 8.0 8
1736976450836 9.0 9
1736976477607 0.0 0
1736976477622 1.0 1
1736976477636 2.0 2
1736976477651 3.0 3
1736976477667 4.0 4
1736976477681 5.0 5
1736976477695 6.0 6
1736976477712 7.0 7
1736976477733 8.0 8
1736976477752 9.0 9
1736976505312 0.0 0
1736976505326 1.0 1
1736976505345 2.0 2
1736976505360 3.0 3
1736976505370 4.0 4
1736976505380 5.0 5
1736976505389 6.0 6
1736976505400 7.0 7
1736976505412 8.0 8
1736976505422 9.0 9
1736976532878 0.0 0
1736976532888 1.0 1
1736976532898 2.0 2
1736976532908 3.0 3
1736976532920 4.0 4
1736976532930 5.0 5
1736976532939 6.0 6
1736976532949 7.0 7
1736976532958 8.0 8
1736976532969 9.0 9
1736976561269 0.0 0
1736976561280 1.0 1
1736976561291 2.0 2
1736976561304 3.0 3
1736976561316 4.0 4
1736976561330 5.0 5
1736976561344 6.0 6
1736976561357 7.0 7
1736976561366 8.0 8
1736976561376 9.0 9
