1736976314712 0.640670657157898 0
1736976314723 0.6920797824859619 1
1736976314734 0.5541620850563049 2
1736976314746 0.5544196367263794 3
1736976314756 0.5335752964019775 4
1736976314766 0.6691746115684509 5
1736976314776 0.510527491569519 6
1736976314786 0.6751112341880798 7
1736976314795 0.5441573858261108 8
1736976314804 0.5546495914459229 9
1736976341787 0.5233754515647888 0
1736976341797 0.5659579634666443 1
1736976341807 0.4859435260295868 2
1736976341817 0.5433986186981201 3
1736976341829 0.4728621244430542 4
1736976341839 0.7310556173324585 5
1736976341849 0.6114068627357483 6
1736976341860 0.5888811945915222 7
1736976341870 0.4093259572982788 8
1736976341880 0.37680891156196594 9
1736976369718 0.5224792957305908 0
1736976369735 0.6982664465904236 1
1736976369750 0.6183781027793884 2
1736976369765 0.6053943634033203 3
1736976369781 0.49968984723091125 4
1736976369797 0.5166181921958923 5
1736976369815 0.6835241913795471 6
1736976369831 0.6589761972427368 7
1736976369847 0.5410504937171936 8
1736976369867 0.5688534379005432 9
1736976395073 0.5766338109970093 0
1736976395083 0.5444515943527222 1
1736976395093 0.6400134563446045 2
1736976395103 0.47006097435951233 3
1736976395114 0.7088025212287903 4
1736976395124 0.45885366201400757 5
1736976395133 0.574203610420227 6
1736976395143 0.6932557225227356 7
1736976395153 0.49769818782806396 8
1736976395164 0.2792849540710449 9
1736976422718 0.5518115758895874 0
1736976422728 0.4038909673690796 1
1736976422737 0.5023046135902405 2
1736976422748 0.6776517033576965 3
1736976422757 0.4992308020591736 4
1736976422767 0.4959835708141327 5
1736976422777 0.5041479468345642 6
1736976422789 0.4772515594959259 7
1736976422798 0.49264997243881226 8
1736976422809 0.6943110227584839 9
1736976450724 0.6459283828735352 0
1736976450735 0.5794109106063843 1
1736976450750 0.5571915507316589 2
1736976450767 0.6283406615257263 3
1736976450782 0.5828467607498169 4
1736976450792 0.49250441789627075 5
1736976450803 0.5269867181777954 6
1736976450814 0.564031183719635 7
1736976450825 0.7063838243484497 8
1736976450836 0.6054449081420898 9
1736976477607 0.5584607124328613 0
1736976477622 0.5015356540679932 1
1736976477636 0.4948478937149048 2
1736976477651 0.5670509934425354 3
1736976477667 0.43640580773353577 4
1736976477681 0.5956878662109375 5
1736976477695 0.5537827014923096 6
1736976477712 0.478996217250824 7
1736976477733 0.5868597626686096 8
1736976477752 0.5931004881858826 9
1736976505312 0.5087753534317017 0
1736976505326 0.5533843636512756 1
1736976505345 0.6887849569320679 2
1736976505360 0.40091368556022644 3
1736976505370 0.5378040075302124 4
1736976505380 0.48235321044921875 5
1736976505389 0.4472089409828186 6
1736976505400 0.39746496081352234 7
1736976505412 0.5057024359703064 8
1736976505422 0.42350199818611145 9
1736976532878 0.5985363721847534 0
1736976532888 0.6314858198165894 1
1736976532898 0.29300472140312195 2
1736976532908 0.397433340549469 3
1736976532920 0.5379139184951782 4
1736976532930 0.40105727314949036 5
1736976532939 0.37329408526420593 6
1736976532949 0.3685922622680664 7
1736976532958 0.6250307559967041 8
1736976532969 0.5704061985015869 9
1736976561269 0.6504643559455872 0
1736976561280 0.4726969003677368 1
1736976561291 0.28946971893310547 2
1736976561304 0.39568641781806946 3
1736976561316 0.3257477581501007 4
1736976561330 0.38258039951324463 5
1736976561344 0.3132471442222595 6
1736976561357 0.5739223957061768 7
1736976561366 0.528743326663971 8
1736976561376 0.5146930813789368 9
