1737482753457 0.0 0
1737482753475 1.0 1
1737482753492 2.0 2
1737482753508 3.0 3
1737482753525 4.0 4
1737482753541 5.0 5
1737482753559 6.0 6
1737482753576 7.0 7
1737482753594 8.0 8
1737482753606 9.0 9
1737482820755 0.0 0
1737482820771 1.0 1
1737482820787 2.0 2
1737482820803 3.0 3
1737482820819 4.0 4
1737482820836 5.0 5
1737482820852 6.0 6
1737482820869 7.0 7
1737482820887 8.0 8
1737482820909 9.0 9
1737482890281 0.0 0
1737482890298 1.0 1
1737482890323 2.0 2
1737482890340 3.0 3
1737482890361 4.0 4
1737482890378 5.0 5
1737482890395 6.0 6
1737482890416 7.0 7
1737482890441 8.0 8
1737482890461 9.0 9
1737482950869 0.0 0
1737482950885 1.0 1
1737482950902 2.0 2
1737482950919 3.0 3
1737482950936 4.0 4
1737482950953 5.0 5
1737482950969 6.0 6
1737482950987 7.0 7
1737482951010 8.0 8
1737482951026 9.0 9
1737483009469 0.0 0
1737483009487 1.0 1
1737483009504 2.0 2
1737483009523 3.0 3
1737483009541 4.0 4
1737483009561 5.0 5
1737483009578 6.0 6
1737483009596 7.0 7
1737483009614 8.0 8
1737483009632 9.0 9
1737483084580 0.0 0
1737483084600 1.0 1
1737483084616 2.0 2
1737483084633 3.0 3
1737483084652 4.0 4
1737483084671 5.0 5
1737483084695 6.0 6
1737483084714 7.0 7
1737483084731 8.0 8
1737483084749 9.0 9
1737483152236 0.0 0
1737483152252 1.0 1
1737483152269 2.0 2
1737483152286 3.0 3
1737483152306 4.0 4
1737483152322 5.0 5
1737483152338 6.0 6
1737483152355 7.0 7
1737483152373 8.0 8
1737483152391 9.0 9
1737483208745 0.0 0
1737483208759 1.0 1
1737483208772 2.0 2
1737483208784 3.0 3
1737483208796 4.0 4
1737483208807 5.0 5
1737483208819 6.0 6
1737483208830 7.0 7
1737483208841 8.0 8
1737483208852 9.0 9
