1737482753457 0.633880615234375 0
1737482753475 0.5944380164146423 1
1737482753492 0.619483232498169 2
1737482753508 0.5329325199127197 3
1737482753525 0.48568329215049744 4
1737482753541 0.5852207541465759 5
1737482753559 0.5288326740264893 6
1737482753576 0.5604261755943298 7
1737482753594 0.5459730625152588 8
1737482753606 0.4594379663467407 9
1737482820755 0.3358834683895111 0
1737482820771 1.4585522413253784 1
1737482820787 0.68089359998703 2
1737482820803 0.22437793016433716 3
1737482820819 0.4318902790546417 4
1737482820836 0.4841409921646118 5
1737482820852 0.6390298008918762 6
1737482820869 0.5651222467422485 7
1737482820887 0.4977128207683563 8
1737482820909 0.4659610390663147 9
1737482890281 0.45413053035736084 0
1737482890298 0.6186590790748596 1
1737482890323 0.7027060389518738 2
1737482890340 0.3748079538345337 3
1737482890361 0.2861992120742798 4
1737482890378 0.44956305623054504 5
1737482890395 0.1540881246328354 6
1737482890416 0.5825014710426331 7
1737482890441 0.4315842390060425 8
1737482890461 0.6778272986412048 9
1737482950869 0.5328788757324219 0
1737482950885 0.820923924446106 1
1737482950902 0.34603989124298096 2
1737482950919 0.4904690980911255 3
1737482950936 0.559224545955658 4
1737482950953 0.17525309324264526 5
1737482950969 0.4106787443161011 6
1737482950987 0.36975398659706116 7
1737482951010 0.6342265605926514 8
1737482951026 0.23159819841384888 9
1737483009469 0.3880122900009155 0
1737483009487 0.30666613578796387 1
1737483009504 0.47064220905303955 2
1737483009523 0.2963545620441437 3
1737483009541 0.44607308506965637 4
1737483009561 0.5724056959152222 5
1737483009578 0.2524385154247284 6
1737483009596 0.3015557527542114 7
1737483009614 0.16393515467643738 8
1737483009632 0.4799755811691284 9
1737483084580 0.24423423409461975 0
1737483084600 0.3664744198322296 1
1737483084616 0.19417637586593628 2
1737483084633 0.27462995052337646 3
1737483084652 0.24319717288017273 4
1737483084671 0.48424971103668213 5
1737483084695 0.29956182837486267 6
1737483084714 0.1561998426914215 7
1737483084731 0.1842617690563202 8
1737483084749 0.20234902203083038 9
1737483152236 0.30844515562057495 0
1737483152252 0.19025595486164093 1
1737483152269 0.4513278305530548 2
1737483152286 0.31051337718963623 3
1737483152306 0.24126337468624115 4
1737483152322 0.19901219010353088 5
1737483152338 0.27638518810272217 6
1737483152355 0.20812487602233887 7
1737483152373 0.18720707297325134 8
1737483152391 0.2499174028635025 9
1737483208745 0.17576728761196136 0
1737483208759 0.25739559531211853 1
1737483208772 0.17788274586200714 2
1737483208784 0.4780704081058502 3
1737483208796 0.3916328251361847 4
1737483208807 0.15505346655845642 5
1737483208819 0.18611708283424377 6
1737483208830 0.15962356328964233 7
1737483208841 0.2834380865097046 8
1737483208852 0.16859573125839233 9
