1737480599389 0.0 0
1737480599405 1.0 1
1737480599424 2.0 2
1737480599437 3.0 3
1737480599449 4.0 4
1737480599461 5.0 5
1737480599473 6.0 6
1737480599485 7.0 7
1737480599496 8.0 8
1737480599508 9.0 9
1737480668571 0.0 0
1737480668593 1.0 1
1737480668612 2.0 2
1737480668630 3.0 3
1737480668653 4.0 4
1737480668671 5.0 5
1737480668692 6.0 6
1737480668710 7.0 7
1737480668740 8.0 8
1737480668761 9.0 9
1737480738391 0.0 0
1737480738412 1.0 1
1737480738434 2.0 2
1737480738461 3.0 3
1737480738480 4.0 4
1737480738502 5.0 5
1737480738518 6.0 6
1737480738534 7.0 7
1737480738551 8.0 8
1737480738568 9.0 9
1737480811579 0.0 0
1737480811595 1.0 1
1737480811613 2.0 2
1737480811631 3.0 3
1737480811649 4.0 4
1737480811666 5.0 5
1737480811684 6.0 6
1737480811708 7.0 7
1737480811735 8.0 8
1737480811757 9.0 9
1737480870144 0.0 0
1737480870165 1.0 1
1737480870187 2.0 2
1737480870205 3.0 3
1737480870223 4.0 4
1737480870240 5.0 5
1737480870258 6.0 6
1737480870279 7.0 7
1737480870303 8.0 8
1737480870321 9.0 9
1737480928791 0.0 0
1737480928816 1.0 1
1737480928836 2.0 2
1737480928855 3.0 3
1737480928880 4.0 4
1737480928898 5.0 5
1737480928916 6.0 6
1737480928935 7.0 7
1737480928956 8.0 8
1737480928976 9.0 9
1737480999874 0.0 0
1737480999885 1.0 1
1737480999896 2.0 2
1737480999909 3.0 3
1737480999920 4.0 4
1737480999931 5.0 5
1737480999943 6.0 6
1737480999955 7.0 7
1737480999967 8.0 8
1737480999978 9.0 9
1737481044099 0.0 0
1737481044116 1.0 1
1737481044136 2.0 2
1737481044153 3.0 3
1737481044173 4.0 4
1737481044189 5.0 5
1737481044205 6.0 6
1737481044223 7.0 7
1737481044245 8.0 8
1737481044265 9.0 9
1737481091580 0.0 0
1737481091598 1.0 1
1737481091614 2.0 2
1737481091630 3.0 3
1737481091647 4.0 4
1737481091665 5.0 5
1737481091681 6.0 6
1737481091699 7.0 7
1737481091717 8.0 8
1737481091735 9.0 9
1737481134919 0.0 0
1737481134931 1.0 1
1737481134942 2.0 2
1737481134956 3.0 3
1737481134967 4.0 4
1737481134978 5.0 5
1737481134990 6.0 6
1737481135001 7.0 7
1737481135012 8.0 8
1737481135025 9.0 9
