1737480599389 0.5286167860031128 0
1737480599405 0.8290491700172424 1
1737480599424 0.46681469678878784 2
1737480599437 0.5670503377914429 3
1737480599449 0.7130908966064453 4
1737480599461 0.3811034560203552 5
1737480599473 0.5647146701812744 6
1737480599485 0.6516987681388855 7
1737480599496 0.4625934064388275 8
1737480599508 0.7389026284217834 9
1737480668571 0.8115927577018738 0
1737480668593 0.4148862957954407 1
1737480668612 0.48242855072021484 2
1737480668630 0.49497663974761963 3
1737480668653 0.8637713193893433 4
1737480668671 0.5717906951904297 5
1737480668692 0.5176093578338623 6
1737480668710 0.574334979057312 7
1737480668740 0.7162243127822876 8
1737480668761 0.5658656358718872 9
1737480738391 0.362995982170105 0
1737480738412 0.6844065189361572 1
1737480738434 0.6680431365966797 2
1737480738461 0.6096348166465759 3
1737480738480 0.4624565541744232 4
1737480738502 0.759178876876831 5
1737480738518 0.4583827257156372 6
1737480738534 0.27291709184646606 7
1737480738551 0.4497106969356537 8
1737480738568 0.5034406185150146 9
1737480811579 0.6877204179763794 0
1737480811595 0.4407820701599121 1
1737480811613 0.5300711989402771 2
1737480811631 0.3536507189273834 3
1737480811649 0.47963014245033264 4
1737480811666 0.3939862847328186 5
1737480811684 0.34102579951286316 6
1737480811708 0.36593136191368103 7
1737480811735 0.4708106219768524 8
1737480811757 0.26836010813713074 9
1737480870144 0.4426428973674774 0
1737480870165 0.2965313196182251 1
1737480870187 0.166915163397789 2
1737480870205 0.3658789098262787 3
1737480870223 0.2147250473499298 4
1737480870240 0.5966839790344238 5
1737480870258 0.17813418805599213 6
1737480870279 0.2621448040008545 7
1737480870303 0.32905113697052 8
1737480870321 0.15448202192783356 9
1737480928791 0.31196004152297974 0
1737480928816 0.21525447070598602 1
1737480928836 0.35444849729537964 2
1737480928855 0.4952750504016876 3
1737480928880 0.35702311992645264 4
1737480928898 0.33329522609710693 5
1737480928916 0.24221031367778778 6
1737480928935 0.12894651293754578 7
1737480928956 0.17159126698970795 8
1737480928976 0.21646592020988464 9
1737480999874 0.3209651708602905 0
1737480999885 0.19360797107219696 1
1737480999896 0.21515049040317535 2
1737480999909 0.1516304314136505 3
1737480999920 0.24163001775741577 4
1737480999931 0.21469470858573914 5
1737480999943 0.17708474397659302 6
1737480999955 0.2480112910270691 7
1737480999967 0.1719369739294052 8
1737480999978 0.19673806428909302 9
1737481044099 0.3029048442840576 0
1737481044116 0.24545380473136902 1
1737481044136 0.2776797413825989 2
1737481044153 0.2261844426393509 3
1737481044173 0.243451327085495 4
1737481044189 0.16077758371829987 5
1737481044205 0.22588667273521423 6
1737481044223 0.25221389532089233 7
1737481044245 0.10737117379903793 8
1737481044265 0.18003438413143158 9
1737481091580 0.19791243970394135 0
1737481091598 0.1643850952386856 1
1737481091614 0.43228334188461304 2
1737481091630 0.3513621985912323 3
1737481091647 0.4153485596179962 4
1737481091665 0.2810198962688446 5
1737481091681 0.23575955629348755 6
1737481091699 0.2052277773618698 7
1737481091717 0.23207052052021027 8
1737481091735 0.19512978196144104 9
1737481134919 0.30007603764533997 0
1737481134931 0.2826372981071472 1
1737481134942 0.33588919043540955 2
1737481134956 0.3722441792488098 3
1737481134967 0.26338741183280945 4
1737481134978 0.20655451714992523 5
1737481134990 0.2650339901447296 6
1737481135001 0.14102353155612946 7
1737481135012 0.19828194379806519 8
1737481135025 0.35936757922172546 9
