1738665688132 0.0 0
1738665688146 1.0 1
1738665688159 2.0 2
1738665688172 3.0 3
1738665688185 4.0 4
1738665688199 5.0 5
1738665688212 6.0 6
1738665688225 7.0 7
1738665688237 8.0 8
1738665688248 9.0 9
1738665765415 0.0 0
1738665765434 1.0 1
1738665765456 2.0 2
1738665765480 3.0 3
1738665765498 4.0 4
1738665765516 5.0 5
1738665765534 6.0 6
1738665765552 7.0 7
1738665765569 8.0 8
1738665765587 9.0 9
1738665844159 0.0 0
1738665844178 1.0 1
1738665844199 2.0 2
1738665844220 3.0 3
1738665844252 4.0 4
1738665844281 5.0 5
1738665844300 6.0 6
1738665844322 7.0 7
1738665844349 8.0 8
1738665844375 9.0 9
1738665925785 0.0 0
1738665925805 1.0 1
1738665925825 2.0 2
1738665925847 3.0 3
1738665925866 4.0 4
1738665925884 5.0 5
1738665925902 6.0 6
1738665925920 7.0 7
1738665925940 8.0 8
1738665925961 9.0 9
1738666011375 0.0 0
1738666011395 1.0 1
1738666011417 2.0 2
1738666011437 3.0 3
1738666011455 4.0 4
1738666011473 5.0 5
1738666011491 6.0 6
1738666011509 7.0 7
1738666011527 8.0 8
1738666011545 9.0 9
1738666096693 0.0 0
1738666096711 1.0 1
1738666096731 2.0 2
1738666096751 3.0 3
1738666096768 4.0 4
1738666096788 5.0 5
1738666096806 6.0 6
1738666096823 7.0 7
1738666096847 8.0 8
1738666096868 9.0 9
1738666182458 0.0 0
1738666182478 1.0 1
1738666182499 2.0 2
1738666182524 3.0 3
1738666182541 4.0 4
1738666182559 5.0 5
1738666182577 6.0 6
1738666182594 7.0 7
1738666182614 8.0 8
1738666182634 9.0 9
1738666268903 0.0 0
1738666268938 1.0 1
1738666268958 2.0 2
1738666268977 3.0 3
1738666268998 4.0 4
1738666269015 5.0 5
1738666269034 6.0 6
1738666269054 7.0 7
1738666269072 8.0 8
1738666269092 9.0 9
1738666359205 0.0 0
1738666359226 1.0 1
1738666359246 2.0 2
1738666359276 3.0 3
1738666359298 4.0 4
1738666359318 5.0 5
1738666359339 6.0 6
1738666359360 7.0 7
1738666359377 8.0 8
1738666359396 9.0 9
1738666451025 0.0 0
1738666451045 1.0 1
1738666451070 2.0 2
1738666451101 3.0 3
1738666451125 4.0 4
1738666451144 5.0 5
1738666451164 6.0 6
1738666451188 7.0 7
1738666451206 8.0 8
1738666451224 9.0 9
