1738665688132 0.5686210989952087 0
1738665688146 0.7712689638137817 1
1738665688159 0.32241377234458923 2
1738665688172 0.35019972920417786 3
1738665688185 0.27251964807510376 4
1738665688199 0.24337956309318542 5
1738665688212 0.14820100367069244 6
1738665688225 0.19815151393413544 7
1738665688237 0.06430314481258392 8
1738665688248 0.05948488414287567 9
1738665765415 0.1960982233285904 0
1738665765434 0.24587304890155792 1
1738665765456 0.11993670463562012 2
1738665765480 0.07022039592266083 3
1738665765498 0.09626331925392151 4
1738665765516 0.05444745346903801 5
1738665765534 0.02535666897892952 6
1738665765552 0.03157993406057358 7
1738665765569 0.015347132459282875 8
1738665765587 0.010340780019760132 9
1738665844159 0.3632495701313019 0
1738665844178 0.13904675841331482 1
1738665844199 0.1670556366443634 2
1738665844220 0.07485807687044144 3
1738665844252 0.07000385224819183 4
1738665844281 0.03490829095244408 5
1738665844300 0.024243341758847237 6
1738665844322 0.010618318803608418 7
1738665844349 0.008192779496312141 8
1738665844375 0.009485031478106976 9
1738665925785 0.45771363377571106 0
1738665925805 0.15921279788017273 1
1738665925825 0.08623184263706207 2
1738665925847 0.06254751980304718 3
1738665925866 0.036261700093746185 4
1738665925884 0.030367283150553703 5
1738665925902 0.012446871027350426 6
1738665925920 0.016322791576385498 7
1738665925940 0.009430499747395515 8
1738665925961 0.005793737713247538 9
1738666011375 0.2405814826488495 0
1738666011395 0.062229935079813004 1
1738666011417 0.052368488162755966 2
1738666011437 0.02063988521695137 3
1738666011455 0.01390871498733759 4
1738666011473 0.008426878601312637 5
1738666011491 0.0031550186686217785 6
1738666011509 0.00362604227848351 7
1738666011527 0.0022482930216938257 8
1738666011545 0.001747791306115687 9
1738666096693 0.33970341086387634 0
1738666096711 0.13253192603588104 1
1738666096731 0.08016400039196014 2
1738666096751 0.03570634871721268 3
1738666096768 0.014402374625205994 4
1738666096788 0.010611014440655708 5
1738666096806 0.010104701854288578 6
1738666096823 0.008924568071961403 7
1738666096847 0.00849046278744936 8
1738666096868 0.007107655983418226 9
1738666182458 0.7621803879737854 0
1738666182478 0.5597758889198303 1
1738666182499 0.20365335047245026 2
1738666182524 0.09033727645874023 3
1738666182541 0.057454876601696014 4
1738666182559 0.034111831337213516 5
1738666182577 0.059573572129011154 6
1738666182594 0.03402896970510483 7
1738666182614 0.0181667972356081 8
1738666182634 0.0072915139608085155 9
1738666268903 0.28455275297164917 0
1738666268938 0.0725342407822609 1
1738666268958 0.05265968665480614 2
1738666268977 0.014298091642558575 3
1738666268998 0.011545415967702866 4
1738666269015 0.0021180654875934124 5
1738666269034 0.0014706634683534503 6
1738666269054 0.0006316064391285181 7
1738666269072 0.0008487967425026 8
1738666269092 0.0011621848680078983 9
1738666359205 0.05575449764728546 0
1738666359226 0.025820709764957428 1
1738666359246 0.004522185306996107 2
1738666359276 0.003601618343964219 3
1738666359298 0.001699032261967659 4
1738666359318 0.000680595519952476 5
1738666359339 0.0016804604092612863 6
1738666359360 0.0002199507871409878 7
1738666359377 0.00021360557002481073 8
1738666359396 0.000120077449537348 9
1738666451025 0.17354053258895874 0
1738666451045 0.07065808773040771 1
1738666451070 0.01881542056798935 2
1738666451101 0.009867077693343163 3
1738666451125 0.0012805795995518565 4
1738666451144 0.0005947582540102303 5
1738666451164 0.0006328547606244683 6
1738666451188 0.0046899085864424706 7
1738666451206 0.00010343392204958946 8
1738666451224 0.0009091558749787509 9
