1738678498110 0.0 0
1738678498125 1.0 1
1738678498139 2.0 2
1738678498154 3.0 3
1738678498166 4.0 4
1738678498180 5.0 5
1738678498193 6.0 6
1738678498206 7.0 7
1738678498225 8.0 8
1738678498248 9.0 9
1738678618576 0.0 0
1738678618604 1.0 1
1738678618633 2.0 2
1738678618661 3.0 3
1738678618686 4.0 4
1738678618705 5.0 5
1738678618727 6.0 6
1738678618746 7.0 7
1738678618764 8.0 8
1738678618786 9.0 9
1738678746827 0.0 0
1738678746848 1.0 1
1738678746867 2.0 2
1738678746886 3.0 3
1738678746904 4.0 4
1738678746923 5.0 5
1738678746942 6.0 6
1738678746961 7.0 7
1738678746982 8.0 8
1738678747006 9.0 9
1738678874983 0.0 0
1738678875012 1.0 1
1738678875036 2.0 2
1738678875059 3.0 3
1738678875080 4.0 4
1738678875100 5.0 5
1738678875119 6.0 6
1738678875142 7.0 7
1738678875162 8.0 8
1738678875181 9.0 9
1738678954846 0.0 0
1738678954868 1.0 1
1738678954898 2.0 2
1738678954931 3.0 3
1738678954957 4.0 4
1738678954983 5.0 5
1738678955004 6.0 6
1738678955023 7.0 7
1738678955048 8.0 8
1738678955071 9.0 9
1738679088700 0.0 0
1738679088725 1.0 1
1738679088752 2.0 2
1738679088779 3.0 3
1738679088815 4.0 4
1738679088844 5.0 5
1738679088872 6.0 6
1738679088900 7.0 7
1738679088920 8.0 8
1738679088944 9.0 9
1738679165466 0.0 0
1738679165492 1.0 1
1738679165519 2.0 2
1738679165541 3.0 3
1738679165569 4.0 4
1738679165596 5.0 5
1738679165622 6.0 6
1738679165651 7.0 7
1738679165680 8.0 8
1738679165700 9.0 9
1738679243834 0.0 0
1738679243853 1.0 1
1738679243872 2.0 2
1738679243892 3.0 3
1738679243912 4.0 4
1738679243936 5.0 5
1738679243956 6.0 6
1738679243983 7.0 7
1738679244013 8.0 8
1738679244036 9.0 9
1738679322019 0.0 0
1738679322044 1.0 1
1738679322071 2.0 2
1738679322092 3.0 3
1738679322111 4.0 4
1738679322131 5.0 5
1738679322157 6.0 6
1738679322177 7.0 7
1738679322199 8.0 8
1738679322220 9.0 9
1738679400288 0.0 0
1738679400311 1.0 1
1738679400338 2.0 2
1738679400361 3.0 3
1738679400380 4.0 4
1738679400400 5.0 5
1738679400421 6.0 6
1738679400442 7.0 7
1738679400466 8.0 8
1738679400485 9.0 9
