1738678498110 0.017021991312503815 0
1738678498125 0.004254470579326153 1
1738678498139 0.002086418680846691 2
1738678498154 4.161008109804243e-05 3
1738678498166 6.254695472307503e-05 4
1738678498180 3.630622086348012e-05 5
1738678498193 5.159333159099333e-05 6
1738678498206 9.068653525901027e-06 7
1738678498225 2.292485419275181e-07 8
1738678498248 5.685351425199769e-07 9
1738678618576 0.8192061185836792 0
1738678618604 0.526029109954834 1
1738678618633 0.6097573637962341 2
1738678618661 0.17510350048542023 3
1738678618686 0.15959040820598602 4
1738678618705 0.2128836065530777 5
1738678618727 0.15876951813697815 6
1738678618746 0.15772907435894012 7
1738678618764 0.126718670129776 8
1738678618786 0.022365011274814606 9
1738678746827 0.27949121594429016 0
1738678746848 0.1577569544315338 1
1738678746867 0.23817819356918335 2
1738678746886 0.11560868471860886 3
1738678746904 0.02799040451645851 4
1738678746923 0.051597289741039276 5
1738678746942 0.03737166151404381 6
1738678746961 0.014618784189224243 7
1738678746982 0.012563290074467659 8
1738678747006 0.019655171781778336 9
1738678874983 0.6023955345153809 0
1738678875012 0.18622106313705444 1
1738678875036 0.3214598000049591 2
1738678875059 0.1558692753314972 3
1738678875080 0.059896644204854965 4
1738678875100 0.09042195975780487 5
1738678875119 0.07117337733507156 6
1738678875142 0.013825491070747375 7
1738678875162 0.024651069194078445 8
1738678875181 0.006595201790332794 9
1738678954846 0.638132631778717 0
1738678954868 0.3794108033180237 1
1738678954898 0.18841415643692017 2
1738678954931 0.17050236463546753 3
1738678954957 0.10633154213428497 4
1738678954983 0.08439478278160095 5
1738678955004 0.06825684756040573 6
1738678955023 0.040539439767599106 7
1738678955048 0.026496754959225655 8
1738678955071 0.02538071759045124 9
1738679088700 0.3484399914741516 0
1738679088725 0.4722094237804413 1
1738679088752 0.0932704284787178 2
1738679088779 0.030975092202425003 3
1738679088815 0.01726841740310192 4
1738679088844 0.04809965565800667 5
1738679088872 0.01393359899520874 6
1738679088900 0.006524063181132078 7
1738679088920 0.0036968986969441175 8
1738679088944 0.00244625611230731 9
1738679165466 0.9131085276603699 0
1738679165492 0.2929242253303528 1
1738679165519 0.18330687284469604 2
1738679165541 0.12097857892513275 3
1738679165569 0.03531033173203468 4
1738679165596 0.017815468832850456 5
1738679165622 0.009082499891519547 6
1738679165651 0.0036666563246399164 7
1738679165680 0.001971291610971093 8
1738679165700 0.0015842515276744962 9
1738679243834 0.6713154911994934 0
1738679243853 0.5242871642112732 1
1738679243872 0.40055668354034424 2
1738679243892 0.14818228781223297 3
1738679243912 0.0420440249145031 4
1738679243936 0.009049267508089542 5
1738679243956 0.005389129277318716 6
1738679243983 0.004186928737908602 7
1738679244013 0.003582488279789686 8
1738679244036 0.0034025460481643677 9
1738679322019 1.2673882246017456 0
1738679322044 0.44156745076179504 1
1738679322071 0.15023812651634216 2
1738679322092 0.020220991224050522 3
1738679322111 0.009247911162674427 4
1738679322131 0.002254287013784051 5
1738679322157 0.0010879895417019725 6
1738679322177 0.000374813680537045 7
1738679322199 0.00019942497601732612 8
1738679322220 0.00010735925752669573 9
1738679400288 1.0963459014892578 0
1738679400311 0.07080051302909851 1
1738679400338 0.054879821836948395 2
1738679400361 0.01871473900973797 3
1738679400380 0.0013468950055539608 4
1738679400400 0.00011595611431403086 5
1738679400421 0.0001485429093008861 6
1738679400442 9.13318945094943e-06 7
1738679400466 1.035264904203359e-05 8
1738679400485 2.467463127686642e-05 9
