1738531363046 0.5951552987098694 0
1738531363066 0.5510390996932983 1
1738531363087 0.5166230201721191 2
1738531363101 0.39889952540397644 3
1738531363114 0.5175032019615173 4
1738531363130 0.3246685564517975 5
1738531363145 0.4018248915672302 6
1738531363158 0.3215312957763672 7
1738531363170 0.3521866500377655 8
1738531363183 0.4035356640815735 9
1738531375007 0.25986960530281067 0
1738531375027 0.22845157980918884 1
1738531375047 0.4311327636241913 2
1738531375068 0.10296504199504852 3
1738531375094 0.2023744285106659 4
1738531375115 0.23129694163799286 5
1738531375137 0.04969654977321625 6
1738531375159 0.15860889852046967 7
1738531375179 0.05134638398885727 8
1738531375201 0.1083957776427269 9
