1737639186112 0.6197147369384766 0
1737639186124 0.5663419961929321 1
1737639186136 0.5762893557548523 2
1737639186148 0.6417868137359619 3
1737639186159 0.5215911269187927 4
1737639186171 0.6163650751113892 5
1737639186183 0.6239331960678101 6
1737639186195 0.5491998195648193 7
1737639186207 0.4717279076576233 8
1737639186219 0.40668684244155884 9
1737639200365 0.4547710716724396 0
1737639200389 0.5591661930084229 1
1737639200417 0.6432119011878967 2
1737639200451 0.5403130054473877 3
1737639200477 0.4581582844257355 4
1737639200500 0.46084922552108765 5
1737639200525 0.6326000690460205 6
1737639200554 0.28331711888313293 7
1737639200583 0.635525107383728 8
1737639200606 0.7865886688232422 9
