1738531708943 0.0 0
1738531708963 1.0 1
1738531708981 2.0 2
1738531709000 3.0 3
1738531709013 4.0 4
1738531709025 5.0 5
1738531709037 6.0 6
1738531709049 7.0 7
1738531709062 8.0 8
1738531709076 9.0 9
1738531765686 0.0 0
1738531765705 1.0 1
1738531765726 2.0 2
1738531765746 3.0 3
1738531765765 4.0 4
1738531765788 5.0 5
1738531765808 6.0 6
1738531765828 7.0 7
1738531765848 8.0 8
1738531765866 9.0 9
1738531831240 0.0 0
1738531831266 1.0 1
1738531831293 2.0 2
1738531831315 3.0 3
1738531831344 4.0 4
1738531831370 5.0 5
1738531831397 6.0 6
1738531831419 7.0 7
1738531831445 8.0 8
1738531831468 9.0 9
1738531892461 0.0 0
1738531892477 1.0 1
1738531892494 2.0 2
1738531892518 3.0 3
1738531892537 4.0 4
1738531892553 5.0 5
1738531892570 6.0 6
1738531892587 7.0 7
1738531892605 8.0 8
1738531892625 9.0 9
1738531955855 0.0 0
1738531955878 1.0 1
1738531955906 2.0 2
1738531955930 3.0 3
1738531955956 4.0 4
1738531955974 5.0 5
1738531956004 6.0 6
1738531956027 7.0 7
1738531956048 8.0 8
1738531956072 9.0 9
1738532019029 0.0 0
1738532019060 1.0 1
1738532019087 2.0 2
1738532019115 3.0 3
1738532019142 4.0 4
1738532019164 5.0 5
1738532019200 6.0 6
1738532019223 7.0 7
1738532019241 8.0 8
1738532019260 9.0 9
1738532087914 0.0 0
1738532087947 1.0 1
1738532087969 2.0 2
1738532087994 3.0 3
1738532088014 4.0 4
1738532088032 5.0 5
1738532088049 6.0 6
1738532088066 7.0 7
1738532088083 8.0 8
1738532088100 9.0 9
1738532156697 0.0 0
1738532156714 1.0 1
1738532156732 2.0 2
1738532156750 3.0 3
1738532156774 4.0 4
1738532156808 5.0 5
1738532156830 6.0 6
1738532156857 7.0 7
1738532156875 8.0 8
1738532156894 9.0 9
1738532219704 0.0 0
1738532219729 1.0 1
1738532219760 2.0 2
1738532219781 3.0 3
1738532219799 4.0 4
1738532219817 5.0 5
1738532219835 6.0 6
1738532219853 7.0 7
1738532219871 8.0 8
1738532219888 9.0 9
1738532285304 0.0 0
1738532285322 1.0 1
1738532285339 2.0 2
1738532285357 3.0 3
1738532285382 4.0 4
1738532285400 5.0 5
1738532285417 6.0 6
1738532285434 7.0 7
1738532285455 8.0 8
1738532285479 9.0 9
