1738531708943 0.608601987361908 0
1738531708963 0.5711169838905334 1
1738531708981 0.5975197553634644 2
1738531709000 0.379413902759552 3
1738531709013 0.30312517285346985 4
1738531709025 0.28204986453056335 5
1738531709037 0.19556505978107452 6
1738531709049 0.17382535338401794 7
1738531709062 0.15806087851524353 8
1738531709076 0.12842759490013123 9
1738531765686 0.25850722193717957 0
1738531765705 0.25479233264923096 1
1738531765726 0.24385052919387817 2
1738531765746 0.17326249182224274 3
1738531765765 0.13495995104312897 4
1738531765788 0.08922501653432846 5
1738531765808 0.06935660541057587 6
1738531765828 0.057298265397548676 7
1738531765848 0.05149397999048233 8
1738531765866 0.029333697631955147 9
1738531831240 0.4003888964653015 0
1738531831266 0.2699786424636841 1
1738531831293 0.24326683580875397 2
1738531831315 0.1878906786441803 3
1738531831344 0.17710456252098083 4
1738531831370 0.12597018480300903 5
1738531831397 0.10514933615922928 6
1738531831419 0.05885090306401253 7
1738531831445 0.05405902862548828 8
1738531831468 0.051854293793439865 9
1738531892461 0.2320738434791565 0
1738531892477 0.20472973585128784 1
1738531892494 0.09762557595968246 2
1738531892518 0.1303781121969223 3
1738531892537 0.09652730077505112 4
1738531892553 0.08262041956186295 5
1738531892570 0.052230894565582275 6
1738531892587 0.05962742120027542 7
1738531892605 0.02997393161058426 8
1738531892625 0.02714882604777813 9
1738531955855 0.23440617322921753 0
1738531955878 0.1348421424627304 1
1738531955906 0.13518205285072327 2
1738531955930 0.07330583035945892 3
1738531955956 0.04726989567279816 4
1738531955974 0.05996140465140343 5
1738531956004 0.027590282261371613 6
1738531956027 0.027535315603017807 7
1738531956048 0.012803145684301853 8
1738531956072 0.015516314655542374 9
1738532019029 0.3021344542503357 0
1738532019060 0.1920900046825409 1
1738532019087 0.1244681254029274 2
1738532019115 0.09307266026735306 3
1738532019142 0.09468796849250793 4
1738532019164 0.07863928377628326 5
1738532019200 0.05371057987213135 6
1738532019223 0.027578748762607574 7
1738532019241 0.01660512387752533 8
1738532019260 0.016898732632398605 9
1738532087914 0.06101153790950775 0
1738532087947 0.03712849318981171 1
1738532087969 0.03527865558862686 2
1738532087994 0.02106376551091671 3
1738532088014 0.016901370137929916 4
1738532088032 0.009877623058855534 5
1738532088049 0.009046877734363079 6
1738532088066 0.004652929492294788 7
1738532088083 0.002143681515008211 8
1738532088100 0.0019852181430906057 9
1738532156697 0.2819521129131317 0
1738532156714 0.15645505487918854 1
1738532156732 0.056389790028333664 2
1738532156750 0.02635696530342102 3
1738532156774 0.014842639677226543 4
1738532156808 0.013539292849600315 5
1738532156830 0.009936125949025154 6
1738532156857 0.009335754439234734 7
1738532156875 0.005763808265328407 8
1738532156894 0.007040835916996002 9
1738532219704 0.16479001939296722 0
1738532219729 0.0525498203933239 1
1738532219760 0.02837240882217884 2
1738532219781 0.027138592675328255 3
1738532219799 0.020389990881085396 4
1738532219817 0.029670555144548416 5
1738532219835 0.012208391912281513 6
1738532219853 0.008471662178635597 7
1738532219871 0.007386220619082451 8
1738532219888 0.0037471004761755466 9
1738532285304 0.04057622700929642 0
1738532285322 0.018738703802227974 1
1738532285339 0.020729713141918182 2
1738532285357 0.012157567776739597 3
1738532285382 0.009021986275911331 4
1738532285400 0.005330601707100868 5
1738532285417 0.00427662767469883 6
1738532285434 0.0027233718428760767 7
1738532285455 0.002108663087710738 8
1738532285479 0.0016709903720766306 9
