1737468816760 0.0 0
1737468816789 1.0 1
1737468816817 2.0 2
1737468816850 3.0 3
1737468816885 4.0 4
1737468816910 5.0 5
1737468816939 6.0 6
1737468816968 7.0 7
1737468816995 8.0 8
1737468817018 9.0 9
1737468846290 0.0 0
1737468846313 1.0 1
1737468846329 2.0 2
1737468846346 3.0 3
1737468846368 4.0 4
1737468846392 5.0 5
1737468846413 6.0 6
1737468846432 7.0 7
1737468846448 8.0 8
1737468846465 9.0 9
1737468863477 0.0 0
1737468863501 1.0 1
1737468863520 2.0 2
1737468863540 3.0 3
1737468863566 4.0 4
1737468863585 5.0 5
1737468863603 6.0 6
1737468863621 7.0 7
1737468863638 8.0 8
1737468863659 9.0 9
1737468880938 0.0 0
1737468880955 1.0 1
1737468880973 2.0 2
1737468880990 3.0 3
1737468881015 4.0 4
1737468881032 5.0 5
1737468881051 6.0 6
1737468881069 7.0 7
1737468881087 8.0 8
1737468881107 9.0 9
1737468916123 0.0 0
1737468916147 1.0 1
1737468916167 2.0 2
1737468916185 3.0 3
1737468916202 4.0 4
1737468916220 5.0 5
1737468916236 6.0 6
1737468916256 7.0 7
1737468916273 8.0 8
1737468916290 9.0 9
