1737468816760 0.6319097280502319 0
1737468816789 0.6490873694419861 1
1737468816817 0.6608441472053528 2
1737468816850 0.6782944798469543 3
1737468816885 0.5871770977973938 4
1737468816910 0.48343852162361145 5
1737468816939 0.6041226387023926 6
1737468816968 0.6780329942703247 7
1737468816995 0.5451947450637817 8
1737468817018 0.538139283657074 9
1737468846290 0.6403772830963135 0
1737468846313 0.7964625954627991 1
1737468846329 0.45952802896499634 2
1737468846346 0.6015349626541138 3
1737468846368 0.47376200556755066 4
1737468846392 0.5791304111480713 5
1737468846413 0.3997822403907776 6
1737468846432 0.6925690174102783 7
1737468846448 0.6565905213356018 8
1737468846465 0.6089933514595032 9
1737468863477 0.6165162324905396 0
1737468863501 0.522965133190155 1
1737468863520 0.5066842436790466 2
1737468863540 0.5652865171432495 3
1737468863566 0.6193103194236755 4
1737468863585 0.47929131984710693 5
1737468863603 0.488528847694397 6
1737468863621 0.48819926381111145 7
1737468863638 0.5340432524681091 8
1737468863659 0.48886168003082275 9
1737468880938 0.48163551092147827 0
1737468880955 0.5341611504554749 1
1737468880973 0.5909302234649658 2
1737468880990 0.6435349583625793 3
1737468881015 0.38467472791671753 4
1737468881032 0.5574390292167664 5
1737468881051 0.5187790989875793 6
1737468881069 0.5609894394874573 7
1737468881087 0.47123414278030396 8
1737468881107 0.4142041802406311 9
1737468916123 0.4316493570804596 0
1737468916147 0.46854129433631897 1
1737468916167 0.48515430092811584 2
1737468916185 0.45006242394447327 3
1737468916202 0.6232624650001526 4
1737468916220 0.5674058794975281 5
1737468916236 0.4364781677722931 6
1737468916256 0.3099110722541809 7
1737468916273 0.6296321153640747 8
1737468916290 0.527085542678833 9
