1738614997126 0.0 0
1738614997161 1.0 1
1738614997184 2.0 2
1738614997206 3.0 3
1738614997234 4.0 4
1738614997257 5.0 5
1738614997283 6.0 6
1738614997322 7.0 7
1738614997353 8.0 8
1738614997380 9.0 9
1738615079247 0.0 0
1738615079273 1.0 1
1738615079294 2.0 2
1738615079315 3.0 3
1738615079346 4.0 4
1738615079380 5.0 5
1738615079411 6.0 6
1738615079434 7.0 7
1738615079459 8.0 8
1738615079487 9.0 9
1738615157285 0.0 0
1738615157307 1.0 1
1738615157327 2.0 2
1738615157352 3.0 3
1738615157373 4.0 4
1738615157397 5.0 5
1738615157418 6.0 6
1738615157443 7.0 7
1738615157469 8.0 8
1738615157497 9.0 9
1738615235531 0.0 0
1738615235555 1.0 1
1738615235577 2.0 2
1738615235603 3.0 3
1738615235626 4.0 4
1738615235646 5.0 5
1738615235672 6.0 6
1738615235700 7.0 7
1738615235731 8.0 8
1738615235755 9.0 9
1738615317815 0.0 0
1738615317841 1.0 1
1738615317863 2.0 2
1738615317883 3.0 3
1738615317905 4.0 4
1738615317931 5.0 5
1738615317952 6.0 6
1738615317977 7.0 7
1738615317994 8.0 8
1738615318009 9.0 9
1738615399539 0.0 0
1738615399577 1.0 1
1738615399606 2.0 2
1738615399628 3.0 3
1738615399649 4.0 4
1738615399671 5.0 5
1738615399694 6.0 6
1738615399729 7.0 7
1738615399761 8.0 8
1738615399785 9.0 9
1738615486578 0.0 0
1738615486603 1.0 1
1738615486626 2.0 2
1738615486650 3.0 3
1738615486670 4.0 4
1738615486694 5.0 5
1738615486718 6.0 6
1738615486740 7.0 7
1738615486773 8.0 8
1738615486809 9.0 9
1738615580168 0.0 0
1738615580191 1.0 1
1738615580212 2.0 2
1738615580233 3.0 3
1738615580254 4.0 4
1738615580274 5.0 5
1738615580296 6.0 6
1738615580317 7.0 7
1738615580338 8.0 8
1738615580362 9.0 9
1738615670385 0.0 0
1738615670419 1.0 1
1738615670450 2.0 2
1738615670479 3.0 3
1738615670501 4.0 4
1738615670524 5.0 5
1738615670549 6.0 6
1738615670575 7.0 7
1738615670600 8.0 8
1738615670630 9.0 9
1738615761120 0.0 0
1738615761140 1.0 1
1738615761161 2.0 2
1738615761184 3.0 3
1738615761206 4.0 4
1738615761231 5.0 5
1738615761259 6.0 6
1738615761288 7.0 7
1738615761312 8.0 8
1738615761332 9.0 9
