1738614997126 0.8379746675491333 0
1738614997161 0.7114433646202087 1
1738614997184 0.7391492128372192 2
1738614997206 0.2434086799621582 3
1738614997234 0.027745066210627556 4
1738614997257 0.13197104632854462 5
1738614997283 0.13337336480617523 6
1738614997322 0.08183842152357101 7
1738614997353 0.01842857152223587 8
1738614997380 0.07473429292440414 9
1738615079247 0.8326486349105835 0
1738615079273 0.905925452709198 1
1738615079294 0.28396397829055786 2
1738615079315 0.175684854388237 3
1738615079346 0.0177814532071352 4
1738615079380 0.055604301393032074 5
1738615079411 0.13759468495845795 6
1738615079434 0.009441100992262363 7
1738615079459 0.0023361563216894865 8
1738615079487 0.0026996557135134935 9
1738615157285 1.3477452993392944 0
1738615157307 0.4464443325996399 1
1738615157327 0.0721750408411026 2
1738615157352 0.021171225234866142 3
1738615157373 0.017202196642756462 4
1738615157397 0.004550363402813673 5
1738615157418 0.003826373955234885 6
1738615157443 0.01252723392099142 7
1738615157469 0.005306609440594912 8
1738615157497 0.000846665701828897 9
1738615235531 0.3670024573802948 0
1738615235555 0.4423503577709198 1
1738615235577 0.057528577744960785 2
1738615235603 0.025347957387566566 3
1738615235626 0.0008912559133023024 4
1738615235646 0.0027256163302809 5
1738615235672 0.0006576899904757738 6
1738615235700 0.00014804356032982469 7
1738615235731 4.58429531136062e-05 8
1738615235755 7.866649684729055e-05 9
1738615317815 0.3119856119155884 0
1738615317841 0.1929754912853241 1
1738615317863 0.3453832268714905 2
1738615317883 0.012995151802897453 3
1738615317905 0.05165354534983635 4
1738615317931 0.014680266380310059 5
1738615317952 0.003248258028179407 6
1738615317977 0.0005842886748723686 7
1738615317994 0.0024195401929318905 8
1738615318009 0.00118476792704314 9
1738615399539 0.7764548659324646 0
1738615399577 0.3714047074317932 1
1738615399606 0.11010461300611496 2
1738615399628 0.025586912408471107 3
1738615399649 0.0003641392686404288 4
1738615399671 9.04262560652569e-05 5
1738615399694 0.0001028870465233922 6
1738615399729 0.00038316892459988594 7
1738615399761 0.00016975103062577546 8
1738615399785 9.258736827177927e-05 9
1738615486578 1.0495120286941528 0
1738615486603 0.025090714916586876 1
1738615486626 0.10099586844444275 2
1738615486650 0.01825203187763691 3
1738615486670 0.00922670029103756 4
1738615486694 0.002440983895212412 5
1738615486718 0.0005464229034259915 6
1738615486740 0.015871630981564522 7
1738615486773 0.0006007628981024027 8
1738615486809 0.00014806681429035962 9
1738615580168 0.37673693895339966 0
1738615580191 0.18607154488563538 1
1738615580212 0.0343654491007328 2
1738615580233 0.022947747260332108 3
1738615580254 6.483101060439367e-06 4
1738615580274 0.0025042095221579075 5
1738615580296 0.0008211421081796288 6
1738615580317 3.415264291106723e-05 7
1738615580338 7.772957178531215e-05 8
1738615580362 2.292166209372226e-05 9
1738615670385 1.1230547428131104 0
1738615670419 0.006186262704432011 1
1738615670450 0.0010345650371164083 2
1738615670479 0.006875977385789156 3
1738615670501 0.0016630482859909534 4
1738615670524 0.0003994870639871806 5
1738615670549 0.0006315437494777143 6
1738615670575 4.383364284876734e-05 7
1738615670600 7.660675328224897e-05 8
1738615670630 2.9286708013387397e-05 9
1738615761120 1.111800193786621 0
1738615761140 0.10606661438941956 1
1738615761161 0.006501722615212202 2
1738615761184 0.03922368586063385 3
1738615761206 0.00014289379760157317 4
1738615761231 0.001753183314576745 5
1738615761259 0.0003875184047501534 6
1738615761288 7.069493585731834e-05 7
1738615761312 9.833573858486488e-05 8
1738615761332 9.435792890144512e-06 9
