1738681703127 0.0 0
1738681703150 1.0 1
1738681703171 2.0 2
1738681703191 3.0 3
1738681703217 4.0 4
1738681703251 5.0 5
1738681703281 6.0 6
1738681703314 7.0 7
1738681703343 8.0 8
1738681703369 9.0 9
1738681776738 0.0 0
1738681776764 1.0 1
1738681776794 2.0 2
1738681776819 3.0 3
1738681776841 4.0 4
1738681776872 5.0 5
1738681776893 6.0 6
1738681776913 7.0 7
1738681776935 8.0 8
1738681776959 9.0 9
1738681859348 0.0 0
1738681859372 1.0 1
1738681859394 2.0 2
1738681859417 3.0 3
1738681859439 4.0 4
1738681859461 5.0 5
1738681859481 6.0 6
1738681859501 7.0 7
1738681859527 8.0 8
1738681859549 9.0 9
1738681988990 0.0 0
1738681989017 1.0 1
1738681989041 2.0 2
1738681989073 3.0 3
1738681989103 4.0 4
1738681989135 5.0 5
1738681989169 6.0 6
1738681989192 7.0 7
1738681989212 8.0 8
1738681989233 9.0 9
1738682119054 0.0 0
1738682119074 1.0 1
1738682119095 2.0 2
1738682119115 3.0 3
1738682119134 4.0 4
1738682119154 5.0 5
1738682119178 6.0 6
1738682119200 7.0 7
1738682119223 8.0 8
1738682119244 9.0 9
1738682198846 0.0 0
1738682198874 1.0 1
1738682198898 2.0 2
1738682198921 3.0 3
1738682198943 4.0 4
1738682198974 5.0 5
1738682199001 6.0 6
1738682199022 7.0 7
1738682199042 8.0 8
1738682199060 9.0 9
1738682276218 0.0 0
1738682276238 1.0 1
1738682276258 2.0 2
1738682276278 3.0 3
1738682276298 4.0 4
1738682276318 5.0 5
1738682276340 6.0 6
1738682276364 7.0 7
1738682276387 8.0 8
1738682276412 9.0 9
1738682354017 0.0 0
1738682354043 1.0 1
1738682354063 2.0 2
1738682354082 3.0 3
1738682354101 4.0 4
1738682354121 5.0 5
1738682354142 6.0 6
1738682354165 7.0 7
1738682354191 8.0 8
1738682354216 9.0 9
1738682432616 0.0 0
1738682432643 1.0 1
1738682432666 2.0 2
1738682432695 3.0 3
1738682432717 4.0 4
1738682432745 5.0 5
1738682432773 6.0 6
1738682432806 7.0 7
1738682432848 8.0 8
1738682432886 9.0 9
1738682511242 0.0 0
1738682511263 1.0 1
1738682511284 2.0 2
1738682511305 3.0 3
1738682511326 4.0 4
1738682511346 5.0 5
1738682511369 6.0 6
1738682511397 7.0 7
1738682511421 8.0 8
1738682511442 9.0 9
