1738681703127 0.0019805170595645905 0
1738681703150 0.001125673414207995 1
1738681703171 0.0001539055519970134 2
1738681703191 5.831942871736828e-06 3
1738681703217 1.100393092201557e-07 4
1738681703251 9.169944803488761e-09 5
1738681703281 0.0 6
1738681703314 0.0 7
1738681703343 0.0 8
1738681703369 0.0 9
1738681776738 1.861110806465149 0
1738681776764 0.221110999584198 1
1738681776794 0.31780874729156494 2
1738681776819 0.5347437858581543 3
1738681776841 1.080960750579834 4
1738681776872 0.20978578925132751 5
1738681776893 0.04440721496939659 6
1738681776913 0.05369683355093002 7
1738681776935 0.16712361574172974 8
1738681776959 0.045566122978925705 9
1738681859348 0.27429449558258057 0
1738681859372 0.1374441236257553 1
1738681859394 0.02239415980875492 2
1738681859417 0.023645274341106415 3
1738681859439 0.01519918441772461 4
1738681859461 0.0007333942921832204 5
1738681859481 0.0013784958282485604 6
1738681859501 0.010430097579956055 7
1738681859527 0.0001702199224382639 8
1738681859549 0.0006370697519741952 9
1738681988990 0.9292742013931274 0
1738681989017 0.3699484169483185 1
1738681989041 0.46143290400505066 2
1738681989073 0.025900688022375107 3
1738681989103 0.11450584977865219 4
1738681989135 0.0010467980755493045 5
1738681989169 0.006434283219277859 6
1738681989192 0.0006196244503371418 7
1738681989212 0.0008104083826765418 8
1738681989233 0.0016647110460326076 9
1738682119054 0.7541545033454895 0
1738682119074 0.3948729634284973 1
1738682119095 0.16290535032749176 2
1738682119115 0.40348178148269653 3
1738682119134 0.04795968160033226 4
1738682119154 0.05074141547083855 5
1738682119178 0.0034406541381031275 6
1738682119200 0.0025045913644135 7
1738682119223 0.0013154188636690378 8
1738682119244 0.001203659805469215 9
1738682198846 0.0349712148308754 0
1738682198874 0.006562893278896809 1
1738682198898 0.0031915849540382624 2
1738682198921 0.0019254207145422697 3
1738682198943 0.0010007884120568633 4
1738682198974 0.0003457663406152278 5
1738682199001 3.392877658825455e-07 6
1738682199022 1.1471185644040816e-05 7
1738682199042 6.933537952136248e-05 8
1738682199060 3.713787464221241e-06 9
1738682276218 9.756386134540662e-06 0
1738682276238 2.567583408108476e-07 1
1738682276258 1.8339889606977522e-08 2
1738682276278 0.0 3
1738682276298 0.0 4
1738682276318 0.0 5
1738682276340 0.0 6
1738682276364 0.0 7
1738682276387 0.0 8
1738682276412 0.0 9
1738682354017 0.00035926405689679086 0
1738682354043 8.546237040718552e-06 1
1738682354063 6.877450005049468e-07 2
1738682354082 1.0086937862752166e-07 3
1738682354101 0.0 4
1738682354121 9.169944803488761e-09 5
1738682354142 0.0 6
1738682354165 0.0 7
1738682354191 0.0 8
1738682354216 0.0 9
1738682432616 3.9686223317403346e-05 0
1738682432643 6.629796189372428e-06 1
1738682432666 3.1177808068605373e-07 2
1738682432695 6.418960651899397e-08 3
1738682432717 5.501966171550521e-08 4
1738682432745 0.0 5
1738682432773 0.0 6
1738682432806 0.0 7
1738682432848 0.0 8
1738682432886 0.0 9
1738682511242 2.221741199493408 0
1738682511263 1.9104126691818237 1
1738682511284 0.7505286335945129 2
1738682511305 0.2010503113269806 3
1738682511326 0.26310646533966064 4
1738682511346 0.07372888177633286 5
1738682511369 0.04546797648072243 6
1738682511397 0.05274100601673126 7
1738682511421 0.024602223187685013 8
1738682511442 0.03991119563579559 9
