1736975247874 0.5870634913444519 0
1736975247887 0.5563881993293762 1
1736975247897 0.6360657811164856 2
1736975247907 0.5242546796798706 3
1736975247919 0.48114097118377686 4
1736975247930 0.5295089483261108 5
1736975247941 0.41574758291244507 6
1736975247952 0.4916180372238159 7
1736975247961 0.54298335313797 8
1736975247971 0.7884016036987305 9
1736975255343 0.6013113260269165 0
1736975255361 0.4376036524772644 1
1736975255376 0.5730334520339966 2
1736975255394 0.772196888923645 3
1736975255413 0.544102132320404 4
1736975255434 0.4805964231491089 5
1736975255452 0.7477743625640869 6
1736975255470 0.6705849766731262 7
1736975255484 0.5659070611000061 8
1736975255501 0.6454897522926331 9
