1737382896161 0.0 0
1737382896174 1.0 1
1737382896187 2.0 2
1737382896199 3.0 3
1737382896210 4.0 4
1737382896221 5.0 5
1737382896232 6.0 6
1737382896243 7.0 7
1737382896254 8.0 8
1737382896265 9.0 9
1737382950414 0.0 0
1737382950425 1.0 1
1737382950437 2.0 2
1737382950448 3.0 3
1737382950459 4.0 4
1737382950470 5.0 5
1737382950481 6.0 6
1737382950492 7.0 7
1737382950503 8.0 8
1737382950514 9.0 9
1737383004019 0.0 0
1737383004038 1.0 1
1737383004055 2.0 2
1737383004071 3.0 3
1737383004087 4.0 4
1737383004104 5.0 5
1737383004120 6.0 6
1737383004136 7.0 7
1737383004152 8.0 8
1737383004167 9.0 9
1737383046996 0.0 0
1737383047007 1.0 1
1737383047019 2.0 2
1737383047031 3.0 3
1737383047042 4.0 4
1737383047053 5.0 5
1737383047064 6.0 6
1737383047076 7.0 7
1737383047087 8.0 8
1737383047099 9.0 9
