1737382896161 0.8730056285858154 0
1737382896174 0.6960344910621643 1
1737382896187 0.6429229378700256 2
1737382896199 0.5834799408912659 3
1737382896210 0.6297655701637268 4
1737382896221 0.46240636706352234 5
1737382896232 0.5702081322669983 6
1737382896243 0.6049894094467163 7
1737382896254 0.614397406578064 8
1737382896265 0.606535792350769 9
1737382950414 0.6080266833305359 0
1737382950425 0.5807880759239197 1
1737382950437 0.5019526481628418 2
1737382950448 0.6079509258270264 3
1737382950459 0.5503060817718506 4
1737382950470 0.46590879559516907 5
1737382950481 0.5558741688728333 6
1737382950492 0.40869376063346863 7
1737382950503 0.7166281938552856 8
1737382950514 0.4998454451560974 9
1737383004019 0.47793325781822205 0
1737383004038 0.4255470633506775 1
1737383004055 0.7708297371864319 2
1737383004071 0.5728285908699036 3
1737383004087 0.5821138620376587 4
1737383004104 0.8492202758789062 5
1737383004120 0.4155772924423218 6
1737383004136 0.5355802774429321 7
1737383004152 0.5243273377418518 8
1737383004167 0.45593374967575073 9
1737383046996 0.8191899061203003 0
1737383047007 0.6236760020256042 1
1737383047019 0.742573618888855 2
1737383047031 0.6625694632530212 3
1737383047042 0.7258883714675903 4
1737383047053 0.6295662522315979 5
1737383047064 0.6573365926742554 6
1737383047076 0.5836790800094604 7
1737383047087 0.6945075392723083 8
1737383047099 0.5124959349632263 9
