1738152296231 0.0 0
1738152296254 1.0 1
1738152296287 2.0 2
1738152296316 3.0 3
1738152296342 4.0 4
1738152296362 5.0 5
1738152296383 6.0 6
1738152296410 7.0 7
1738152296436 8.0 8
1738152296457 9.0 9
1738152355352 0.0 0
1738152355375 1.0 1
1738152355398 2.0 2
1738152355424 3.0 3
1738152355450 4.0 4
1738152355472 5.0 5
1738152355494 6.0 6
1738152355514 7.0 7
1738152355535 8.0 8
1738152355556 9.0 9
1738152411982 0.0 0
1738152412005 1.0 1
1738152412029 2.0 2
1738152412055 3.0 3
1738152412076 4.0 4
1738152412104 5.0 5
1738152412131 6.0 6
1738152412156 7.0 7
1738152412191 8.0 8
1738152412217 9.0 9
1738152474425 0.0 0
1738152474451 1.0 1
1738152474483 2.0 2
1738152474515 3.0 3
1738152474535 4.0 4
1738152474555 5.0 5
1738152474577 6.0 6
1738152474596 7.0 7
1738152474618 8.0 8
1738152474638 9.0 9
1738152535381 0.0 0
1738152535400 1.0 1
1738152535421 2.0 2
1738152535441 3.0 3
1738152535470 4.0 4
1738152535504 5.0 5
1738152535532 6.0 6
1738152535555 7.0 7
1738152535577 8.0 8
1738152535597 9.0 9
1738152583978 0.0 0
1738152583992 1.0 1
1738152584007 2.0 2
1738152584021 3.0 3
1738152584035 4.0 4
1738152584050 5.0 5
1738152584063 6.0 6
1738152584077 7.0 7
1738152584092 8.0 8
1738152584105 9.0 9
1738152625126 0.0 0
1738152625148 1.0 1
1738152625171 2.0 2
1738152625196 3.0 3
1738152625219 4.0 4
1738152625242 5.0 5
1738152625262 6.0 6
1738152625294 7.0 7
1738152625327 8.0 8
1738152625357 9.0 9
1738152667014 0.0 0
1738152667027 1.0 1
1738152667041 2.0 2
1738152667055 3.0 3
1738152667069 4.0 4
1738152667082 5.0 5
1738152667096 6.0 6
1738152667110 7.0 7
1738152667124 8.0 8
1738152667137 9.0 9
1738152708523 0.0 0
1738152708537 1.0 1
1738152708552 2.0 2
1738152708567 3.0 3
1738152708581 4.0 4
1738152708594 5.0 5
1738152708608 6.0 6
1738152708622 7.0 7
1738152708636 8.0 8
1738152708650 9.0 9
1738152750991 0.0 0
1738152751012 1.0 1
1738152751032 2.0 2
1738152751052 3.0 3
1738152751072 4.0 4
1738152751096 5.0 5
1738152751116 6.0 6
1738152751137 7.0 7
1738152751157 8.0 8
1738152751185 9.0 9
