1738152296231 0.40905147790908813 0
1738152296254 0.3226482570171356 1
1738152296287 0.7699185609817505 2
1738152296316 0.500778079032898 3
1738152296342 0.6018924713134766 4
1738152296362 0.3676750361919403 5
1738152296383 0.2432795912027359 6
1738152296410 0.2958066761493683 7
1738152296436 0.3212658762931824 8
1738152296457 0.2523728609085083 9
1738152355352 0.6773332357406616 0
1738152355375 0.4737129509449005 1
1738152355398 0.4578474760055542 2
1738152355424 0.4945465922355652 3
1738152355450 0.4215564727783203 4
1738152355472 0.3228810131549835 5
1738152355494 0.31330686807632446 6
1738152355514 0.07421282678842545 7
1738152355535 0.10342343151569366 8
1738152355556 0.05988236516714096 9
1738152411982 0.4748101234436035 0
1738152412005 0.22303834557533264 1
1738152412029 0.3982812762260437 2
1738152412055 0.20613454282283783 3
1738152412076 0.14857003092765808 4
1738152412104 0.10074961185455322 5
1738152412131 0.17596514523029327 6
1738152412156 0.1527419537305832 7
1738152412191 0.14086943864822388 8
1738152412217 0.1134733036160469 9
1738152474425 0.3064790368080139 0
1738152474451 0.32919999957084656 1
1738152474483 0.2999151051044464 2
1738152474515 0.26617786288261414 3
1738152474535 0.21008077263832092 4
1738152474555 0.2832895815372467 5
1738152474577 0.10885468870401382 6
1738152474596 0.17356547713279724 7
1738152474618 0.09685615450143814 8
1738152474638 0.11369772255420685 9
1738152535381 0.35963916778564453 0
1738152535400 0.22694681584835052 1
1738152535421 0.24322955310344696 2
1738152535441 0.2664000689983368 3
1738152535470 0.27467581629753113 4
1738152535504 0.06035842001438141 5
1738152535532 0.07984860986471176 6
1738152535555 0.13366594910621643 7
1738152535577 0.14004772901535034 8
1738152535597 0.0625264123082161 9
1738152583978 0.38380199670791626 0
1738152583992 0.3337327837944031 1
1738152584007 0.2554456889629364 2
1738152584021 0.22653795778751373 3
1738152584035 0.17417539656162262 4
1738152584050 0.15218649804592133 5
1738152584063 0.10890810936689377 6
1738152584077 0.09695892781019211 7
1738152584092 0.1905868649482727 8
1738152584105 0.09723622351884842 9
1738152625126 0.4395923912525177 0
1738152625148 0.2890188992023468 1
1738152625171 0.2796456515789032 2
1738152625196 0.20110532641410828 3
1738152625219 0.416918009519577 4
1738152625242 0.38123658299446106 5
1738152625262 0.2540445029735565 6
1738152625294 0.19618679583072662 7
1738152625327 0.20982185006141663 8
1738152625357 0.2012108713388443 9
1738152667014 0.412883460521698 0
1738152667027 0.19344598054885864 1
1738152667041 0.3601225018501282 2
1738152667055 0.20396269857883453 3
1738152667069 0.23732537031173706 4
1738152667082 0.25587761402130127 5
1738152667096 0.2011433243751526 6
1738152667110 0.10240622609853745 7
1738152667124 0.09057341516017914 8
1738152667137 0.04746080935001373 9
1738152708523 0.3687804341316223 0
1738152708537 0.3441152572631836 1
1738152708552 0.3672639727592468 2
1738152708567 0.28141355514526367 3
1738152708581 0.1348523199558258 4
1738152708594 0.21674728393554688 5
1738152708608 0.13190430402755737 6
1738152708622 0.13742250204086304 7
1738152708636 0.11277513206005096 8
1738152708650 0.08954007923603058 9
1738152750991 0.38700276613235474 0
1738152751012 0.35350674390792847 1
1738152751032 0.2553677260875702 2
1738152751052 0.20848949253559113 3
1738152751072 0.23388491570949554 4
1738152751096 0.17390891909599304 5
1738152751116 0.22176502645015717 6
1738152751137 0.14650958776474 7
1738152751157 0.13072572648525238 8
1738152751185 0.11451609432697296 9
