1738143916388 0.0 0
1738143916420 1.0 1
1738143916447 2.0 2
1738143916472 3.0 3
1738143916498 4.0 4
1738143916518 5.0 5
1738143916543 6.0 6
1738143916568 7.0 7
1738143916594 8.0 8
1738143916625 9.0 9
1738143934696 0.0 0
1738143934720 1.0 1
1738143934740 2.0 2
1738143934759 3.0 3
1738143934778 4.0 4
1738143934796 5.0 5
1738143934815 6.0 6
1738143934833 7.0 7
1738143934853 8.0 8
1738143934871 9.0 9
1738143948942 0.0 0
1738143948962 1.0 1
1738143948990 2.0 2
1738143949015 3.0 3
1738143949036 4.0 4
1738143949060 5.0 5
1738143949081 6.0 6
1738143949107 7.0 7
1738143949129 8.0 8
1738143949149 9.0 9
1738143968134 0.0 0
1738143968151 1.0 1
1738143968170 2.0 2
1738143968191 3.0 3
1738143968226 4.0 4
1738143968257 5.0 5
1738143968290 6.0 6
1738143968311 7.0 7
1738143968334 8.0 8
1738143968352 9.0 9
1738143982602 0.0 0
1738143982638 1.0 1
1738143982660 2.0 2
1738143982681 3.0 3
1738143982701 4.0 4
1738143982719 5.0 5
1738143982736 6.0 6
1738143982756 7.0 7
1738143982778 8.0 8
1738143982796 9.0 9
1738143995257 0.0 0
1738143995275 1.0 1
1738143995293 2.0 2
1738143995310 3.0 3
1738143995330 4.0 4
1738143995348 5.0 5
1738143995366 6.0 6
1738143995385 7.0 7
1738143995404 8.0 8
1738143995423 9.0 9
1738144008855 0.0 0
1738144008882 1.0 1
1738144008904 2.0 2
1738144008931 3.0 3
1738144008951 4.0 4
1738144008969 5.0 5
1738144008991 6.0 6
1738144009015 7.0 7
1738144009034 8.0 8
1738144009052 9.0 9
1738144023117 0.0 0
1738144023137 1.0 1
1738144023156 2.0 2
1738144023178 3.0 3
1738144023195 4.0 4
1738144023221 5.0 5
1738144023247 6.0 6
1738144023281 7.0 7
1738144023304 8.0 8
1738144023327 9.0 9
1738144036216 0.0 0
1738144036243 1.0 1
1738144036264 2.0 2
1738144036286 3.0 3
1738144036312 4.0 4
1738144036332 5.0 5
1738144036359 6.0 6
1738144036389 7.0 7
1738144036411 8.0 8
1738144036436 9.0 9
1738144051077 0.0 0
1738144051096 1.0 1
1738144051117 2.0 2
1738144051137 3.0 3
1738144051154 4.0 4
1738144051175 5.0 5
1738144051195 6.0 6
1738144051221 7.0 7
1738144051239 8.0 8
1738144051262 9.0 9
