1738143916388 0.5145134925842285 0
1738143916420 0.6718965768814087 1
1738143916447 0.6137473583221436 2
1738143916472 0.5867273807525635 3
1738143916498 0.45347484946250916 4
1738143916518 0.4376682639122009 5
1738143916543 0.4506840705871582 6
1738143916568 0.31243404746055603 7
1738143916594 0.32374823093414307 8
1738143916625 0.41896292567253113 9
1738143934696 0.574918806552887 0
1738143934720 0.6243521571159363 1
1738143934740 0.4388839900493622 2
1738143934759 0.36099526286125183 3
1738143934778 0.3337828814983368 4
1738143934796 0.2785453200340271 5
1738143934815 0.334288090467453 6
1738143934833 0.44701024889945984 7
1738143934853 0.28392285108566284 8
1738143934871 0.13184168934822083 9
1738143948942 0.3479456603527069 0
1738143948962 0.29684191942214966 1
1738143948990 0.15715542435646057 2
1738143949015 0.10171724110841751 3
1738143949036 0.2601059079170227 4
1738143949060 0.08194158971309662 5
1738143949081 0.14589957892894745 6
1738143949107 0.17099283635616302 7
1738143949129 0.17396695911884308 8
1738143949149 0.21013690531253815 9
1738143968134 0.2520495653152466 0
1738143968151 0.24801646173000336 1
1738143968170 0.37964680790901184 2
1738143968191 0.3105893135070801 3
1738143968226 0.19617173075675964 4
1738143968257 0.19674800336360931 5
1738143968290 0.20873728394508362 6
1738143968311 0.03138647973537445 7
1738143968334 0.1471712291240692 8
1738143968352 0.17867818474769592 9
1738143982602 0.2698585093021393 0
1738143982638 0.2690986096858978 1
1738143982660 0.12069646269083023 2
1738143982681 0.24359972774982452 3
1738143982701 0.18027430772781372 4
1738143982719 0.11574135720729828 5
1738143982736 0.3033612072467804 6
1738143982756 0.1474393904209137 7
1738143982778 0.08936190605163574 8
1738143982796 0.008938529528677464 9
1738143995257 0.22750641405582428 0
1738143995275 0.3321071267127991 1
1738143995293 0.08777855336666107 2
1738143995310 0.10101764649152756 3
1738143995330 0.12592516839504242 4
1738143995348 0.19985444843769073 5
1738143995366 0.11754170060157776 6
1738143995385 0.1034574881196022 7
1738143995404 0.25767555832862854 8
1738143995423 0.18647418916225433 9
1738144008855 0.19425643980503082 0
1738144008882 0.28340110182762146 1
1738144008904 0.15023766458034515 2
1738144008931 0.18027152121067047 3
1738144008951 0.13107392191886902 4
1738144008969 0.04753919318318367 5
1738144008991 0.11599218845367432 6
1738144009015 0.03947926312685013 7
1738144009034 0.13628095388412476 8
1738144009052 0.06408184766769409 9
1738144023117 0.2336731255054474 0
1738144023137 0.17142769694328308 1
1738144023156 0.21092632412910461 2
1738144023178 0.1300053894519806 3
1738144023195 0.1057359129190445 4
1738144023221 0.21267284452915192 5
1738144023247 0.16299065947532654 6
1738144023281 0.1460307389497757 7
1738144023304 0.1385957896709442 8
1738144023327 0.09712037444114685 9
1738144036216 0.1004185602068901 0
1738144036243 0.18379569053649902 1
1738144036264 0.15929442644119263 2
1738144036286 0.15579655766487122 3
1738144036312 0.03418882191181183 4
1738144036332 0.09510838240385056 5
1738144036359 0.1411835104227066 6
1738144036389 0.07420806586742401 7
1738144036411 0.06854412704706192 8
1738144036436 0.0688023716211319 9
1738144051077 0.25297167897224426 0
1738144051096 0.046597160398960114 1
1738144051117 0.14732502400875092 2
1738144051137 0.04014963656663895 3
1738144051154 0.06989151984453201 4
1738144051175 0.15214219689369202 5
1738144051195 0.14625567197799683 6
1738144051221 0.07973818480968475 7
1738144051239 0.07998836040496826 8
1738144051262 0.09013316035270691 9
