1738616426478 0.0 0
1738616426503 1.0 1
1738616426525 2.0 2
1738616426546 3.0 3
1738616426568 4.0 4
1738616426597 5.0 5
1738616426620 6.0 6
1738616426643 7.0 7
1738616426666 8.0 8
1738616426699 9.0 9
1738616505300 0.0 0
1738616505322 1.0 1
1738616505345 2.0 2
1738616505363 3.0 3
1738616505380 4.0 4
1738616505395 5.0 5
1738616505409 6.0 6
1738616505423 7.0 7
1738616505438 8.0 8
1738616505452 9.0 9
1738616586064 0.0 0
1738616586089 1.0 1
1738616586112 2.0 2
1738616586131 3.0 3
1738616586152 4.0 4
1738616586175 5.0 5
1738616586195 6.0 6
1738616586217 7.0 7
1738616586238 8.0 8
1738616586259 9.0 9
1738616671950 0.0 0
1738616671970 1.0 1
1738616671992 2.0 2
1738616672016 3.0 3
1738616672037 4.0 4
1738616672056 5.0 5
1738616672079 6.0 6
1738616672100 7.0 7
1738616672114 8.0 8
1738616672128 9.0 9
1738616755027 0.0 0
1738616755048 1.0 1
1738616755073 2.0 2
1738616755095 3.0 3
1738616755118 4.0 4
1738616755138 5.0 5
1738616755159 6.0 6
1738616755179 7.0 7
1738616755204 8.0 8
1738616755232 9.0 9
1738616844108 0.0 0
1738616844130 1.0 1
1738616844154 2.0 2
1738616844175 3.0 3
1738616844198 4.0 4
1738616844219 5.0 5
1738616844241 6.0 6
1738616844263 7.0 7
1738616844285 8.0 8
1738616844308 9.0 9
1738616931166 0.0 0
1738616931200 1.0 1
1738616931225 2.0 2
1738616931252 3.0 3
1738616931280 4.0 4
1738616931313 5.0 5
1738616931344 6.0 6
1738616931370 7.0 7
1738616931401 8.0 8
1738616931428 9.0 9
1738617020747 0.0 0
1738617020770 1.0 1
1738617020792 2.0 2
1738617020814 3.0 3
1738617020840 4.0 4
1738617020863 5.0 5
1738617020885 6.0 6
1738617020907 7.0 7
1738617020927 8.0 8
1738617020949 9.0 9
1738617114322 0.0 0
1738617114349 1.0 1
1738617114377 2.0 2
1738617114401 3.0 3
1738617114424 4.0 4
1738617114447 5.0 5
1738617114471 6.0 6
1738617114493 7.0 7
1738617114518 8.0 8
1738617114542 9.0 9
1738617208028 0.0 0
1738617208064 1.0 1
1738617208090 2.0 2
1738617208111 3.0 3
1738617208133 4.0 4
1738617208156 5.0 5
1738617208182 6.0 6
1738617208208 7.0 7
1738617208229 8.0 8
1738617208250 9.0 9
