1738616426478 0.43425941467285156 0
1738616426503 0.9564173221588135 1
1738616426525 0.8047388792037964 2
1738616426546 0.3652811646461487 3
1738616426568 0.26349085569381714 4
1738616426597 0.14968134462833405 5
1738616426620 0.14752152562141418 6
1738616426643 0.10515192151069641 7
1738616426666 0.1729147732257843 8
1738616426699 0.027641016989946365 9
1738616505300 0.2758210301399231 0
1738616505322 0.16710273921489716 1
1738616505345 0.1457323431968689 2
1738616505363 0.1558905392885208 3
1738616505380 0.06329751759767532 4
1738616505395 0.05254823714494705 5
1738616505409 0.03292839974164963 6
1738616505423 0.03776643052697182 7
1738616505438 0.02492845058441162 8
1738616505452 0.023639947175979614 9
1738616586064 0.25776904821395874 0
1738616586089 0.17563556134700775 1
1738616586112 0.12091534584760666 2
1738616586131 0.10551062226295471 3
1738616586152 0.06954978406429291 4
1738616586175 0.04700972139835358 5
1738616586195 0.03322362154722214 6
1738616586217 0.016966676339507103 7
1738616586238 0.010910219512879848 8
1738616586259 0.008277785032987595 9
1738616671950 0.27676451206207275 0
1738616671970 0.13369570672512054 1
1738616671992 0.1381627768278122 2
1738616672016 0.0805387869477272 3
1738616672037 0.03722872585058212 4
1738616672056 0.03017832711338997 5
1738616672079 0.01605294458568096 6
1738616672100 0.014865556731820107 7
1738616672114 0.011614007875323296 8
1738616672128 0.005559154320508242 9
1738616755027 0.311388224363327 0
1738616755048 0.1299256980419159 1
1738616755073 0.03729445859789848 2
1738616755095 0.03954314813017845 3
1738616755118 0.017827536910772324 4
1738616755138 0.013400586321949959 5
1738616755159 0.007647487334907055 6
1738616755179 0.0060819825157523155 7
1738616755204 0.00318943546153605 8
1738616755232 0.0033900602720677853 9
1738616844108 0.22407051920890808 0
1738616844130 0.0714862272143364 1
1738616844154 0.023039698600769043 2
1738616844175 0.018862854689359665 3
1738616844198 0.006879978347569704 4
1738616844219 0.004847929812967777 5
1738616844241 0.00462261401116848 6
1738616844263 0.005129676777869463 7
1738616844285 0.0021690905559808016 8
1738616844308 0.001622657524421811 9
1738616931166 1.4875622987747192 0
1738616931200 0.39659789204597473 1
1738616931225 0.192539781332016 2
1738616931252 0.1291525661945343 3
1738616931280 0.0372370146214962 4
1738616931313 0.049458786845207214 5
1738616931344 0.026873232796788216 6
1738616931370 0.01644204929471016 7
1738616931401 0.01683998480439186 8
1738616931428 0.013161865994334221 9
1738617020747 0.09872329235076904 0
1738617020770 0.03242102637887001 1
1738617020792 0.018689481541514397 2
1738617020814 0.011663035489618778 3
1738617020840 0.003193447832018137 4
1738617020863 0.0015858995029702783 5
1738617020885 0.0019096208270639181 6
1738617020907 0.0006403534789569676 7
1738617020927 0.0008603024762123823 8
1738617020949 0.0005445439019240439 9
1738617114322 0.14574262499809265 0
1738617114349 0.04490544646978378 1
1738617114377 0.01761198788881302 2
1738617114401 0.006488874088972807 3
1738617114424 0.004749958403408527 4
1738617114447 0.0020936578512191772 5
1738617114471 0.0012433709343895316 6
1738617114493 0.0005662014009431005 7
1738617114518 0.0004022922075819224 8
1738617114542 0.00028855082928203046 9
1738617208028 0.050759755074977875 0
1738617208064 0.034265801310539246 1
1738617208090 0.00529511459171772 2
1738617208111 0.0025585342664271593 3
1738617208133 0.0009516071295365691 4
1738617208156 0.00048507220344617963 5
1738617208182 0.00030700789648108184 6
1738617208208 0.00028086238307878375 7
1738617208229 0.00023245981719810516 8
1738617208250 0.00012171946582384408 9
