1736889352944 0.0 0
1736889352962 1.0 1
1736889352977 2.0 2
1736889352992 3.0 3
1736889353010 4.0 4
1736889353029 5.0 5
1736889353054 6.0 6
1736889353080 7.0 7
1736889353102 8.0 8
1736889353116 9.0 9
1736889358397 0.0 0
1736889358411 1.0 1
1736889358422 2.0 2
1736889358436 3.0 3
1736889358447 4.0 4
1736889358459 5.0 5
1736889358471 6.0 6
1736889358483 7.0 7
1736889358495 8.0 8
1736889358508 9.0 9
1736889365817 0.0 0
1736889365837 1.0 1
1736889365855 2.0 2
1736889365874 3.0 3
1736889365893 4.0 4
1736889365918 5.0 5
1736889365941 6.0 6
1736889365962 7.0 7
1736889365979 8.0 8
1736889365995 9.0 9
1736889371780 0.0 0
1736889371791 1.0 1
1736889371803 2.0 2
1736889371815 3.0 3
1736889371827 4.0 4
1736889371838 5.0 5
1736889371850 6.0 6
1736889371862 7.0 7
1736889371873 8.0 8
1736889371885 9.0 9
1736889377724 0.0 0
1736889377741 1.0 1
1736889377760 2.0 2
1736889377776 3.0 3
1736889377793 4.0 4
1736889377811 5.0 5
1736889377828 6.0 6
1736889377845 7.0 7
1736889377860 8.0 8
1736889377876 9.0 9
1736889386171 0.0 0
1736889386187 1.0 1
1736889386202 2.0 2
1736889386217 3.0 3
1736889386232 4.0 4
1736889386247 5.0 5
1736889386262 6.0 6
1736889386275 7.0 7
1736889386288 8.0 8
1736889386301 9.0 9
1736889392881 0.0 0
1736889392894 1.0 1
1736889392909 2.0 2
1736889392924 3.0 3
1736889392939 4.0 4
1736889392956 5.0 5
1736889392975 6.0 6
1736889392990 7.0 7
1736889393011 8.0 8
1736889393025 9.0 9
1736889400568 0.0 0
1736889400586 1.0 1
1736889400603 2.0 2
1736889400619 3.0 3
1736889400636 4.0 4
1736889400655 5.0 5
1736889400677 6.0 6
1736889400702 7.0 7
1736889400720 8.0 8
1736889400737 9.0 9
1736889408120 0.0 0
1736889408137 1.0 1
1736889408158 2.0 2
1736889408174 3.0 3
1736889408195 4.0 4
1736889408217 5.0 5
1736889408236 6.0 6
1736889408255 7.0 7
1736889408274 8.0 8
1736889408292 9.0 9
1736889416328 0.0 0
1736889416345 1.0 1
1736889416361 2.0 2
1736889416376 3.0 3
1736889416393 4.0 4
1736889416410 5.0 5
1736889416427 6.0 6
1736889416456 7.0 7
1736889416482 8.0 8
1736889416507 9.0 9
