1736889352944 0.7276703119277954 0
1736889352962 0.5518885254859924 1
1736889352977 0.6685779094696045 2
1736889352992 0.626929521560669 3
1736889353010 0.6371040940284729 4
1736889353029 0.6377495527267456 5
1736889353054 0.63100665807724 6
1736889353080 0.5885981321334839 7
1736889353102 0.7197573781013489 8
1736889353116 0.5570129752159119 9
1736889358397 0.4471174478530884 0
1736889358411 0.49497777223587036 1
1736889358422 0.5091612339019775 2
1736889358436 0.6167214512825012 3
1736889358447 0.3973131477832794 4
1736889358459 0.5829999446868896 5
1736889358471 0.5082358717918396 6
1736889358483 0.5150191187858582 7
1736889358495 0.7550349831581116 8
1736889358508 0.6569976806640625 9
1736889365817 0.5290505290031433 0
1736889365837 0.5094394683837891 1
1736889365855 0.5925958156585693 2
1736889365874 0.42618438601493835 3
1736889365893 0.5138894319534302 4
1736889365918 0.6446813344955444 5
1736889365941 0.5415740609169006 6
1736889365962 0.6532737016677856 7
1736889365979 0.6295515894889832 8
1736889365995 0.5703302621841431 9
1736889371780 0.41336366534233093 0
1736889371791 0.5677542090415955 1
1736889371803 0.588483452796936 2
1736889371815 0.43966323137283325 3
1736889371827 0.39405494928359985 4
1736889371838 0.7003471851348877 5
1736889371850 0.4747142791748047 6
1736889371862 0.40278229117393494 7
1736889371873 0.8109372854232788 8
1736889371885 0.3936431109905243 9
1736889377724 0.5705341696739197 0
1736889377741 0.5967761278152466 1
1736889377760 0.6015547513961792 2
1736889377776 0.5953121185302734 3
1736889377793 0.5689365267753601 4
1736889377811 0.6055694818496704 5
1736889377828 0.3817899823188782 6
1736889377845 0.4783252477645874 7
1736889377860 0.41588109731674194 8
1736889377876 0.22589543461799622 9
1736889386171 0.4245266318321228 0
1736889386187 0.37109342217445374 1
1736889386202 0.48362720012664795 2
1736889386217 0.4159393906593323 3
1736889386232 0.5164697170257568 4
1736889386247 0.6343929767608643 5
1736889386262 0.6105483770370483 6
1736889386275 0.5428799986839294 7
1736889386288 0.7420328855514526 8
1736889386301 0.7039541006088257 9
1736889392881 0.6559062600135803 0
1736889392894 0.3598253130912781 1
1736889392909 0.4180539846420288 2
1736889392924 0.4389728009700775 3
1736889392939 0.4983684718608856 4
1736889392956 0.5178634524345398 5
1736889392975 0.2978057265281677 6
1736889392990 0.4525911211967468 7
1736889393011 0.2717263400554657 8
1736889393025 0.16955938935279846 9
1736889400568 0.3147152066230774 0
1736889400586 0.4529905617237091 1
1736889400603 0.594099760055542 2
1736889400619 0.4289151728153229 3
1736889400636 0.30328860878944397 4
1736889400655 0.6438661217689514 5
1736889400677 0.3799128532409668 6
1736889400702 0.6299896836280823 7
1736889400720 0.3242145776748657 8
1736889400737 0.30431807041168213 9
1736889408120 0.36654040217399597 0
1736889408137 0.5180845260620117 1
1736889408158 0.31291911005973816 2
1736889408174 0.4541196823120117 3
1736889408195 0.347918838262558 4
1736889408217 0.27852004766464233 5
1736889408236 0.37370508909225464 6
1736889408255 0.29482680559158325 7
1736889408274 0.3762291669845581 8
1736889408292 0.5352669358253479 9
1736889416328 0.3763749897480011 0
1736889416345 0.5478795766830444 1
1736889416361 0.4917459785938263 2
1736889416376 0.5337668061256409 3
1736889416393 0.4312841296195984 4
1736889416410 0.4485989809036255 5
1736889416427 0.4724861681461334 6
1736889416456 0.4953802824020386 7
1736889416482 0.44421622157096863 8
1736889416507 0.36814194917678833 9
