1738690815435 0.0 0
1738690815449 1.0 1
1738690815464 2.0 2
1738690815481 3.0 3
1738690815502 4.0 4
1738690815517 5.0 5
1738690815531 6.0 6
1738690815544 7.0 7
1738690815557 8.0 8
1738690815571 9.0 9
1738690829587 0.0 0
1738690829607 1.0 1
1738690829629 2.0 2
1738690829649 3.0 3
1738690829670 4.0 4
1738690829690 5.0 5
1738690829710 6.0 6
1738690829729 7.0 7
1738690829749 8.0 8
1738690829774 9.0 9
1738690838393 0.0 0
1738690838417 1.0 1
1738690838437 2.0 2
1738690838456 3.0 3
1738690838479 4.0 4
1738690838498 5.0 5
1738690838517 6.0 6
1738690838536 7.0 7
1738690838555 8.0 8
1738690838575 9.0 9
