1738690815435 0.5725030303001404 0
1738690815449 0.7588716745376587 1
1738690815464 0.4169243276119232 2
1738690815481 0.42138874530792236 3
1738690815502 0.48952433466911316 4
1738690815517 0.350279301404953 5
1738690815531 0.4178832173347473 6
1738690815544 0.26352089643478394 7
1738690815557 0.26459378004074097 8
1738690815571 0.23979933559894562 9
1738690829587 0.6441229581832886 0
1738690829607 0.1903587132692337 1
1738690829629 0.2461083084344864 2
1738690829649 0.05457819998264313 3
1738690829670 0.2550135850906372 4
1738690829690 0.1839209645986557 5
1738690829710 0.2640317380428314 6
1738690829729 0.1741408258676529 7
1738690829749 0.14381973445415497 8
1738690829774 0.09688892960548401 9
1738690838393 0.145036518573761 0
1738690838417 0.12536273896694183 1
1738690838437 0.15011486411094666 2
1738690838456 0.10968471318483353 3
1738690838479 0.02089695818722248 4
1738690838498 0.053783491253852844 5
1738690838517 0.012989378534257412 6
1738690838536 0.0392814464867115 7
1738690838555 0.03864862769842148 8
1738690838575 0.030877292156219482 9
