1738756688142 0.0 0
1738756688177 1.0 1
1738756688213 2.0 2
1738756688250 3.0 3
1738756688285 4.0 4
1738756688323 5.0 5
1738756688367 6.0 6
1738756688433 7.0 7
1738756688469 8.0 8
1738756688507 9.0 9
1738756757667 0.0 0
1738756757698 1.0 1
1738756757737 2.0 2
1738756757768 3.0 3
1738756757800 4.0 4
1738756757831 5.0 5
1738756757868 6.0 6
1738756757907 7.0 7
1738756757947 8.0 8
1738756757978 9.0 9
1738756815444 0.0 0
1738756815470 1.0 1
1738756815495 2.0 2
1738756815519 3.0 3
1738756815543 4.0 4
1738756815568 5.0 5
1738756815593 6.0 6
1738756815618 7.0 7
1738756815642 8.0 8
1738756815669 9.0 9
1738756861365 0.0 0
1738756861387 1.0 1
1738756861411 2.0 2
1738756861433 3.0 3
1738756861454 4.0 4
1738756861476 5.0 5
1738756861501 6.0 6
1738756861526 7.0 7
1738756861551 8.0 8
1738756861575 9.0 9
1738756930386 0.0 0
1738756930410 1.0 1
1738756930435 2.0 2
1738756930459 3.0 3
1738756930483 4.0 4
1738756930507 5.0 5
1738756930531 6.0 6
1738756930555 7.0 7
1738756930586 8.0 8
1738756930617 9.0 9
1738756976175 0.0 0
1738756976200 1.0 1
1738756976225 2.0 2
1738756976251 3.0 3
1738756976278 4.0 4
1738756976305 5.0 5
1738756976330 6.0 6
1738756976358 7.0 7
1738756976383 8.0 8
1738756976410 9.0 9
1738757047723 0.0 0
1738757047765 1.0 1
1738757047800 2.0 2
1738757047836 3.0 3
1738757047871 4.0 4
1738757047912 5.0 5
1738757047943 6.0 6
1738757047977 7.0 7
1738757048017 8.0 8
1738757048048 9.0 9
1738757092528 0.0 0
1738757092558 1.0 1
1738757092590 2.0 2
1738757092613 3.0 3
1738757092633 4.0 4
1738757092654 5.0 5
1738757092675 6.0 6
1738757092696 7.0 7
1738757092717 8.0 8
1738757092738 9.0 9
1738757140608 0.0 0
1738757140636 1.0 1
1738757140669 2.0 2
1738757140704 3.0 3
1738757140734 4.0 4
1738757140767 5.0 5
1738757140804 6.0 6
1738757140844 7.0 7
1738757140891 8.0 8
1738757140930 9.0 9
1738757214901 0.0 0
1738757214925 1.0 1
1738757214965 2.0 2
1738757214997 3.0 3
1738757215021 4.0 4
1738757215043 5.0 5
1738757215065 6.0 6
1738757215089 7.0 7
1738757215114 8.0 8
1738757215141 9.0 9
