1738756688142 0.8305782675743103 0
1738756688177 0.3456144332885742 1
1738756688213 0.39064422249794006 2
1738756688250 0.17032945156097412 3
1738756688285 0.3287827968597412 4
1738756688323 0.2665093243122101 5
1738756688367 0.15790599584579468 6
1738756688433 0.3389793336391449 7
1738756688469 0.16717977821826935 8
1738756688507 0.18611939251422882 9
1738756757667 0.36777880787849426 0
1738756757698 0.17342816293239594 1
1738756757737 0.13565289974212646 2
1738756757768 0.05902348458766937 3
1738756757800 0.032552849501371384 4
1738756757831 0.02246938832104206 5
1738756757868 0.01528304535895586 6
1738756757907 0.009239090606570244 7
1738756757947 0.0074460748583078384 8
1738756757978 0.006184200290590525 9
1738756815444 0.2603285610675812 0
1738756815470 0.115970678627491 1
1738756815495 0.08287157118320465 2
1738756815519 0.054837748408317566 3
1738756815543 0.03325764462351799 4
1738756815568 0.02863495610654354 5
1738756815593 0.019027046859264374 6
1738756815618 0.014632715843617916 7
1738756815642 0.009771237149834633 8
1738756815669 0.008391421288251877 9
1738756861365 0.0023592293728142977 0
1738756861387 0.00011455678759375587 1
1738756861411 2.0029465304105543e-05 2
1738756861433 7.5895436566497665e-06 3
1738756861454 5.312378561939113e-06 4
1738756861476 2.3566635718452744e-06 5
1738756861501 2.1702044250559993e-06 6
1738756861526 1.3632605941893416e-06 7
1738756861551 2.1182252112339484e-06 8
1738756861575 1.7392216022926732e-06 9
1738756930386 0.411508172750473 0
1738756930410 0.1923176646232605 1
1738756930435 0.06230783835053444 2
1738756930459 0.032789621502161026 3
1738756930483 0.014555200934410095 4
1738756930507 0.012787770479917526 5
1738756930531 0.0069949813187122345 6
1738756930555 0.0038947344291955233 7
1738756930586 0.0030762648675590754 8
1738756930617 0.0026408301200717688 9
1738756976175 0.011355150490999222 0
1738756976200 0.0010868186363950372 1
1738756976225 0.0001348894293187186 2
1738756976251 3.9881266275187954e-05 3
1738756976278 5.2329264690342825e-06 4
1738756976305 4.315941168897552e-06 5
1738756976330 3.747406253751251e-06 6
1738756976358 3.191110636180383e-06 7
1738756976383 5.50195920823171e-07 8
1738756976410 6.26611438292457e-07 9
1738757047723 0.5670783519744873 0
1738757047765 0.1671627312898636 1
1738757047800 0.10026231408119202 2
1738757047836 0.03019993007183075 3
1738757047871 0.017280884087085724 4
1738757047912 0.033144716173410416 5
1738757047943 0.00128936639521271 6
1738757047977 0.0016062312060967088 7
1738757048017 0.006016837898641825 8
1738757048048 0.0039595565758645535 9
1738757092528 0.013743273913860321 0
1738757092558 0.0015610078116878867 1
1738757092590 0.000427354738349095 2
1738757092613 8.022080874070525e-05 3
1738757092633 2.9825787351001054e-05 4
1738757092654 9.426505130250007e-06 5
1738757092675 2.347492227272596e-06 6
1738757092696 1.528312736809312e-06 7
1738757092717 1.1309556384730968e-06 8
1738757092738 6.632913027715404e-07 9
1738757140608 0.14183248579502106 0
1738757140636 0.03621005639433861 1
1738757140669 0.016599347814917564 2
1738757140704 0.003449411829933524 3
1738757140734 0.0034421340096741915 4
1738757140767 0.002054218202829361 5
1738757140804 0.001288450206629932 6
1738757140844 0.0006561197806149721 7
1738757140891 0.000624883861746639 8
1738757140930 0.0004914156743325293 9
1738757214901 0.30109480023384094 0
1738757214925 0.08492463082075119 1
1738757214965 0.022989759221673012 2
1738757214997 0.007198692765086889 3
1738757215021 0.003999963868409395 4
1738757215043 0.0022032507695257664 5
1738757215065 0.0018568270606920123 6
1738757215089 0.0010991300223395228 7
1738757215114 0.0007586129941046238 8
1738757215141 0.0007310668588615954 9
