1736975557698 0.0 0
1736975557715 1.0 1
1736975557735 2.0 2
1736975557763 3.0 3
1736975557785 4.0 4
1736975557811 5.0 5
1736975557835 6.0 6
1736975557853 7.0 7
1736975557870 8.0 8
1736975557884 9.0 9
1736975576610 0.0 0
1736975576628 1.0 1
1736975576644 2.0 2
1736975576658 3.0 3
1736975576673 4.0 4
1736975576687 5.0 5
1736975576702 6.0 6
1736975576719 7.0 7
1736975576735 8.0 8
1736975576762 9.0 9
1736975596239 0.0 0
1736975596249 1.0 1
1736975596259 2.0 2
1736975596270 3.0 3
1736975596280 4.0 4
1736975596293 5.0 5
1736975596307 6.0 6
1736975596321 7.0 7
1736975596331 8.0 8
1736975596341 9.0 9
1736975614670 0.0 0
1736975614680 1.0 1
1736975614690 2.0 2
1736975614700 3.0 3
1736975614711 4.0 4
1736975614721 5.0 5
1736975614731 6.0 6
1736975614742 7.0 7
1736975614752 8.0 8
1736975614762 9.0 9
1736975633170 0.0 0
1736975633179 1.0 1
1736975633189 2.0 2
1736975633199 3.0 3
1736975633210 4.0 4
1736975633220 5.0 5
1736975633230 6.0 6
1736975633240 7.0 7
1736975633250 8.0 8
1736975633261 9.0 9
1736975651941 0.0 0
1736975651951 1.0 1
1736975651962 2.0 2
1736975651972 3.0 3
1736975651982 4.0 4
1736975651992 5.0 5
1736975652002 6.0 6
1736975652012 7.0 7
1736975652022 8.0 8
1736975652032 9.0 9
1736975671187 0.0 0
1736975671211 1.0 1
1736975671229 2.0 2
1736975671251 3.0 3
1736975671272 4.0 4
1736975671289 5.0 5
1736975671311 6.0 6
1736975671329 7.0 7
1736975671348 8.0 8
1736975671363 9.0 9
1736975691363 0.0 0
1736975691384 1.0 1
1736975691412 2.0 2
1736975691432 3.0 3
1736975691447 4.0 4
1736975691462 5.0 5
1736975691476 6.0 6
1736975691494 7.0 7
1736975691509 8.0 8
1736975691523 9.0 9
1736975711093 0.0 0
1736975711104 1.0 1
1736975711115 2.0 2
1736975711126 3.0 3
1736975711136 4.0 4
1736975711148 5.0 5
1736975711159 6.0 6
1736975711169 7.0 7
1736975711179 8.0 8
1736975711189 9.0 9
1736975730719 0.0 0
1736975730735 1.0 1
1736975730748 2.0 2
1736975730757 3.0 3
1736975730767 4.0 4
1736975730777 5.0 5
1736975730786 6.0 6
1736975730796 7.0 7
1736975730806 8.0 8
1736975730815 9.0 9
