1736975557698 0.6276343464851379 0
1736975557715 0.5956631302833557 1
1736975557735 0.6689587235450745 2
1736975557763 0.608756959438324 3
1736975557785 0.5236741304397583 4
1736975557811 0.6806663274765015 5
1736975557835 0.6927796602249146 6
1736975557853 0.5781816840171814 7
1736975557870 0.47943878173828125 8
1736975557884 0.5992786884307861 9
1736975576610 0.571582555770874 0
1736975576628 0.6372325420379639 1
1736975576644 0.6462980508804321 2
1736975576658 0.557245135307312 3
1736975576673 0.5325404405593872 4
1736975576687 0.5452283620834351 5
1736975576702 0.574119508266449 6
1736975576719 0.5824927687644958 7
1736975576735 0.458562433719635 8
1736975576762 0.5571612119674683 9
1736975596239 0.5681319832801819 0
1736975596249 0.5688736438751221 1
1736975596259 0.46180564165115356 2
1736975596270 0.6376685500144958 3
1736975596280 0.6358112692832947 4
1736975596293 0.48869234323501587 5
1736975596307 0.795788049697876 6
1736975596321 0.6006366610527039 7
1736975596331 0.6111788153648376 8
1736975596341 0.5982563495635986 9
1736975614670 0.5851870179176331 0
1736975614680 0.5595718026161194 1
1736975614690 0.531930148601532 2
1736975614700 0.6441593170166016 3
1736975614711 0.6515275239944458 4
1736975614721 0.45327118039131165 5
1736975614731 0.5136755108833313 6
1736975614742 0.47853678464889526 7
1736975614752 0.5625838041305542 8
1736975614762 0.8377528786659241 9
1736975633170 0.5975275635719299 0
1736975633179 0.42169010639190674 1
1736975633189 0.4346419870853424 2
1736975633199 0.462386816740036 3
1736975633210 0.5498309135437012 4
1736975633220 0.3079363703727722 5
1736975633230 0.6800311803817749 6
1736975633240 0.41091012954711914 7
1736975633250 0.4800909459590912 8
1736975633261 0.38574570417404175 9
1736975651941 0.41131120920181274 0
1736975651951 0.3679293394088745 1
1736975651962 0.3894634246826172 2
1736975651972 0.45854485034942627 3
1736975651982 0.3859015107154846 4
1736975651992 0.5381492972373962 5
1736975652002 0.42400744557380676 6
1736975652012 0.8808610439300537 7
1736975652022 0.5327463746070862 8
1736975652032 0.3498981297016144 9
1736975671187 0.4909990727901459 0
1736975671211 0.6366539597511292 1
1736975671229 0.7363486886024475 2
1736975671251 0.7481569051742554 3
1736975671272 0.42786121368408203 4
1736975671289 0.4685056507587433 5
1736975671311 0.44529688358306885 6
1736975671329 0.6682931184768677 7
1736975671348 0.5116705298423767 8
1736975671363 0.7298335433006287 9
1736975691363 0.6417934894561768 0
1736975691384 0.4324105978012085 1
1736975691412 0.3515060842037201 2
1736975691432 0.39097562432289124 3
1736975691447 0.5320712327957153 4
1736975691462 0.5672715902328491 5
1736975691476 0.4087908864021301 6
1736975691494 0.31100478768348694 7
1736975691509 0.5341271162033081 8
1736975691523 0.5494257807731628 9
1736975711093 0.4407415986061096 0
1736975711104 0.5107628107070923 1
1736975711115 0.3624849021434784 2
1736975711126 0.5091320872306824 3
1736975711136 0.4850587546825409 4
1736975711148 0.6322808861732483 5
1736975711159 0.438642680644989 6
1736975711169 0.46348217129707336 7
1736975711179 0.6915188431739807 8
1736975711189 0.5472865104675293 9
1736975730719 0.5289866924285889 0
1736975730735 0.5041191577911377 1
1736975730748 0.5586444139480591 2
1736975730757 0.5374626517295837 3
1736975730767 0.5832685232162476 4
1736975730777 0.4870111048221588 5
1736975730786 0.40934377908706665 6
1736975730796 0.4819781482219696 7
1736975730806 0.5155889987945557 8
1736975730815 0.47879061102867126 9
