1738613165161 0.0 0
1738613165176 1.0 1
1738613165191 2.0 2
1738613165205 3.0 3
1738613165219 4.0 4
1738613165233 5.0 5
1738613165246 6.0 6
1738613165260 7.0 7
1738613165274 8.0 8
1738613165288 9.0 9
1738613246350 0.0 0
1738613246379 1.0 1
1738613246398 2.0 2
1738613246418 3.0 3
1738613246443 4.0 4
1738613246462 5.0 5
1738613246488 6.0 6
1738613246514 7.0 7
1738613246538 8.0 8
1738613246565 9.0 9
1738613332187 0.0 0
1738613332201 1.0 1
1738613332220 2.0 2
1738613332241 3.0 3
1738613332263 4.0 4
1738613332286 5.0 5
1738613332309 6.0 6
1738613332329 7.0 7
1738613332349 8.0 8
1738613332369 9.0 9
1738613414324 0.0 0
1738613414343 1.0 1
1738613414364 2.0 2
1738613414385 3.0 3
1738613414404 4.0 4
1738613414424 5.0 5
1738613414444 6.0 6
1738613414466 7.0 7
1738613414485 8.0 8
1738613414504 9.0 9
1738613512761 0.0 0
1738613512785 1.0 1
1738613512805 2.0 2
1738613512826 3.0 3
1738613512849 4.0 4
1738613512869 5.0 5
1738613512889 6.0 6
1738613512909 7.0 7
1738613512929 8.0 8
1738613512949 9.0 9
1738613602001 0.0 0
1738613602028 1.0 1
1738613602052 2.0 2
1738613602072 3.0 3
1738613602092 4.0 4
1738613602113 5.0 5
1738613602133 6.0 6
1738613602157 7.0 7
1738613602175 8.0 8
1738613602201 9.0 9
1738613693499 0.0 0
1738613693527 1.0 1
1738613693556 2.0 2
1738613693579 3.0 3
1738613693601 4.0 4
1738613693622 5.0 5
1738613693642 6.0 6
1738613693664 7.0 7
1738613693695 8.0 8
1738613693721 9.0 9
1738613790881 0.0 0
1738613790903 1.0 1
1738613790928 2.0 2
1738613790951 3.0 3
1738613790969 4.0 4
1738613790992 5.0 5
1738613791010 6.0 6
1738613791029 7.0 7
1738613791050 8.0 8
1738613791074 9.0 9
1738613889869 0.0 0
1738613889889 1.0 1
1738613889910 2.0 2
1738613889930 3.0 3
1738613889950 4.0 4
1738613889969 5.0 5
1738613889996 6.0 6
1738613890017 7.0 7
1738613890037 8.0 8
1738613890056 9.0 9
1738613988745 0.0 0
1738613988768 1.0 1
1738613988790 2.0 2
1738613988812 3.0 3
1738613988834 4.0 4
1738613988855 5.0 5
1738613988877 6.0 6
1738613988897 7.0 7
1738613988918 8.0 8
1738613988940 9.0 9
