1738613165161 0.8181183934211731 0
1738613165176 0.7340746521949768 1
1738613165191 0.5204392671585083 2
1738613165205 0.40206050872802734 3
1738613165219 0.39347898960113525 4
1738613165233 0.30973097681999207 5
1738613165246 0.17335452139377594 6
1738613165260 0.1078859269618988 7
1738613165274 0.0908476784825325 8
1738613165288 0.12467645108699799 9
1738613246350 0.28768542408943176 0
1738613246379 0.3078642189502716 1
1738613246398 0.14755836129188538 2
1738613246418 0.1379355937242508 3
1738613246443 0.10601227730512619 4
1738613246462 0.07303695380687714 5
1738613246488 0.055131930857896805 6
1738613246514 0.05530678853392601 7
1738613246538 0.02822740189731121 8
1738613246565 0.019615063443779945 9
1738613332187 0.28422996401786804 0
1738613332201 0.2145642340183258 1
1738613332220 0.2871285378932953 2
1738613332241 0.14606450498104095 3
1738613332263 0.15437953174114227 4
1738613332286 0.12123424559831619 5
1738613332309 0.07938306033611298 6
1738613332329 0.0595647357404232 7
1738613332349 0.039353497326374054 8
1738613332369 0.03920388221740723 9
1738613414324 0.2678012549877167 0
1738613414343 0.26648563146591187 1
1738613414364 0.18331965804100037 2
1738613414385 0.134831041097641 3
1738613414404 0.13775187730789185 4
1738613414424 0.09547973424196243 5
1738613414444 0.09495865553617477 6
1738613414466 0.04572071507573128 7
1738613414485 0.07486002147197723 8
1738613414504 0.05826893821358681 9
1738613512761 0.17062462866306305 0
1738613512785 0.26266834139823914 1
1738613512805 0.18510738015174866 2
1738613512826 0.11850917339324951 3
1738613512849 0.0882214829325676 4
1738613512869 0.05940210074186325 5
1738613512889 0.05032973736524582 6
1738613512909 0.04708659276366234 7
1738613512929 0.03287319093942642 8
1738613512949 0.027501486241817474 9
1738613602001 0.14703495800495148 0
1738613602028 0.09890244901180267 1
1738613602052 0.07463435083627701 2
1738613602072 0.05592987313866615 3
1738613602092 0.04866192489862442 4
1738613602113 0.03732086345553398 5
1738613602133 0.03745300695300102 6
1738613602157 0.023482831194996834 7
1738613602175 0.02522709220647812 8
1738613602201 0.014233063906431198 9
1738613693499 0.12744255363941193 0
1738613693527 0.05333227664232254 1
1738613693556 0.03718074411153793 2
1738613693579 0.02286800928413868 3
1738613693601 0.023162057623267174 4
1738613693622 0.017846085131168365 5
1738613693642 0.011792183853685856 6
1738613693664 0.010437628254294395 7
1738613693695 0.009776533581316471 8
1738613693721 0.005732082296162844 9
1738613790881 0.04972964897751808 0
1738613790903 0.02814660407602787 1
1738613790928 0.008123003877699375 2
1738613790951 0.00901251845061779 3
1738613790969 0.006673721596598625 4
1738613790992 0.0036825304850935936 5
1738613791010 0.002992885420098901 6
1738613791029 0.002292120363563299 7
1738613791050 0.001995539991185069 8
1738613791074 0.0018570228712633252 9
1738613889869 1.0267144441604614 0
1738613889889 0.3455708622932434 1
1738613889910 0.20022226870059967 2
1738613889930 0.056991882622241974 3
1738613889950 0.029905319213867188 4
1738613889969 0.08080510050058365 5
1738613889996 0.015782931819558144 6
1738613890017 0.012731743976473808 7
1738613890037 0.006875794846564531 8
1738613890056 0.006712943781167269 9
1738613988745 0.03003690578043461 0
1738613988768 0.021547969430685043 1
1738613988790 0.010199250653386116 2
1738613988812 0.004441926721483469 3
1738613988834 0.002407874446362257 4
1738613988855 0.002126038307324052 5
1738613988877 0.0009686166886240244 6
1738613988897 0.0008159863064065576 7
1738613988918 0.0008429742301814258 8
1738613988940 0.0006899470463395119 9
