1737639407864 0.6673240065574646 0
1737639407889 0.6163665056228638 1
1737639407915 0.5516966581344604 2
1737639407943 0.5581055283546448 3
1737639407967 0.6327129602432251 4
1737639407989 0.663798987865448 5
1737639408015 0.6309372782707214 6
1737639408040 0.5740308165550232 7
1737639408073 0.5572025179862976 8
1737639408104 0.6226272583007812 9
1737639421734 0.530614972114563 0
1737639421770 0.5067960023880005 1
1737639421799 0.6150550246238708 2
1737639421826 0.5549987554550171 3
1737639421858 0.6893516778945923 4
1737639421882 0.5992036461830139 5
1737639421902 0.6459411382675171 6
1737639421922 0.6610937714576721 7
1737639421944 0.6014190912246704 8
1737639421964 0.4547606110572815 9
