1738680109365 0.0 0
1738680109380 1.0 1
1738680109393 2.0 2
1738680109410 3.0 3
1738680109439 4.0 4
1738680109465 5.0 5
1738680109485 6.0 6
1738680109505 7.0 7
1738680109526 8.0 8
1738680109540 9.0 9
1738680184104 0.0 0
1738680184125 1.0 1
1738680184146 2.0 2
1738680184168 3.0 3
1738680184191 4.0 4
1738680184214 5.0 5
1738680184241 6.0 6
1738680184271 7.0 7
1738680184287 8.0 8
1738680184300 9.0 9
1738680308420 0.0 0
1738680308450 1.0 1
1738680308478 2.0 2
1738680308502 3.0 3
1738680308524 4.0 4
1738680308549 5.0 5
1738680308569 6.0 6
1738680308594 7.0 7
1738680308628 8.0 8
1738680308657 9.0 9
1738680386467 0.0 0
1738680386496 1.0 1
1738680386526 2.0 2
1738680386551 3.0 3
1738680386577 4.0 4
1738680386604 5.0 5
1738680386626 6.0 6
1738680386651 7.0 7
1738680386675 8.0 8
1738680386702 9.0 9
1738680537607 0.0 0
1738680537630 1.0 1
1738680537650 2.0 2
1738680537672 3.0 3
1738680537702 4.0 4
1738680537727 5.0 5
1738680537759 6.0 6
1738680537785 7.0 7
1738680537808 8.0 8
1738680537831 9.0 9
1738680627092 0.0 0
1738680627123 1.0 1
1738680627144 2.0 2
1738680627170 3.0 3
1738680627198 4.0 4
1738680627227 5.0 5
1738680627249 6.0 6
1738680627268 7.0 7
1738680627288 8.0 8
1738680627313 9.0 9
1738680754503 0.0 0
1738680754523 1.0 1
1738680754547 2.0 2
1738680754566 3.0 3
1738680754585 4.0 4
1738680754606 5.0 5
1738680754630 6.0 6
1738680754655 7.0 7
1738680754677 8.0 8
1738680754697 9.0 9
1738680881444 0.0 0
1738680881465 1.0 1
1738680881484 2.0 2
1738680881503 3.0 3
1738680881523 4.0 4
1738680881542 5.0 5
1738680881561 6.0 6
1738680881580 7.0 7
1738680881599 8.0 8
1738680881618 9.0 9
1738680957320 0.0 0
1738680957339 1.0 1
1738680957358 2.0 2
1738680957378 3.0 3
1738680957406 4.0 4
1738680957426 5.0 5
1738680957445 6.0 6
1738680957466 7.0 7
1738680957488 8.0 8
1738680957506 9.0 9
1738681032876 0.0 0
1738681032896 1.0 1
1738681032916 2.0 2
1738681032938 3.0 3
1738681032958 4.0 4
1738681032977 5.0 5
1738681032996 6.0 6
1738681033015 7.0 7
1738681033035 8.0 8
1738681033054 9.0 9
