1738680109365 0.004231806378811598 0
1738680109380 0.0006617998005822301 1
1738680109393 0.00032281316816806793 2
1738680109410 7.739242391835432e-06 3
1738680109439 3.86050214729039e-06 4
1738680109465 4.860064564127242e-07 5
1738680109485 2.7509834410466283e-08 6
1738680109505 1.8339889606977522e-08 7
1738680109526 0.0 8
1738680109540 0.0 9
1738680184104 0.3762645125389099 0
1738680184125 0.2926810085773468 1
1738680184146 0.40191763639450073 2
1738680184168 0.2854101359844208 3
1738680184191 0.273831307888031 4
1738680184214 0.266921728849411 5
1738680184241 0.17207901179790497 6
1738680184271 0.06249995902180672 7
1738680184287 0.03740288317203522 8
1738680184300 0.01971730962395668 9
1738680308420 0.4718484878540039 0
1738680308450 1.3782789707183838 1
1738680308478 0.049654148519039154 2
1738680308502 0.09412676841020584 3
1738680308524 0.09751028567552567 4
1738680308549 0.02215266041457653 5
1738680308569 0.03309430554509163 6
1738680308594 0.13641150295734406 7
1738680308628 0.03088994137942791 8
1738680308657 0.056331489235162735 9
1738680386467 0.0009150792611762881 0
1738680386496 0.000134377260110341 1
1738680386526 2.8243130145710893e-06 2
1738680386551 2.6592826429805427e-07 3
1738680386577 3.6679779213955044e-08 4
1738680386604 1.8339887830620683e-08 5
1738680386626 0.0 6
1738680386651 0.0 7
1738680386675 0.0 8
1738680386702 0.0 9
1738680537607 0.7789878249168396 0
1738680537630 0.20319978892803192 1
1738680537650 0.16770359873771667 2
1738680537672 0.058452922850847244 3
1738680537702 0.041225679218769073 4
1738680537727 0.019904468208551407 5
1738680537759 0.014261479489505291 6
1738680537785 0.0026291722897440195 7
1738680537808 0.0010841239709407091 8
1738680537831 0.001755786594003439 9
1738680627092 3.09061861038208 0
1738680627123 0.9427705407142639 1
1738680627144 0.9175789952278137 2
1738680627170 0.310086727142334 3
1738680627198 0.2600880265235901 4
1738680627227 0.04001586139202118 5
1738680627249 0.008942162618041039 6
1738680627268 0.036189619451761246 7
1738680627288 0.002475426997989416 8
1738680627313 0.0022135323379188776 9
1738680754503 2.6907689571380615 0
1738680754523 1.2746187448501587 1
1738680754547 0.509486734867096 2
1738680754566 0.14708539843559265 3
1738680754585 0.031281474977731705 4
1738680754606 0.9555956721305847 5
1738680754630 0.05991093069314957 6
1738680754655 0.07088308781385422 7
1738680754677 0.04211653023958206 8
1738680754697 0.0524025522172451 9
1738680881444 2.3479344844818115 0
1738680881465 0.7117142081260681 1
1738680881484 0.2166217714548111 2
1738680881503 0.7266139388084412 3
1738680881523 0.1106637567281723 4
1738680881542 0.30102798342704773 5
1738680881561 0.06240678206086159 6
1738680881580 0.021828822791576385 7
1738680881599 0.0024696809705346823 8
1738680881618 0.003077411325648427 9
1738680957320 2.1068971157073975 0
1738680957339 1.9478435516357422 1
1738680957358 1.37391996383667 2
1738680957378 0.9437041878700256 3
1738680957406 0.5198653936386108 4
1738680957426 0.2387358546257019 5
1738680957445 0.05689050257205963 6
1738680957466 0.06272094696760178 7
1738680957488 0.0655456930398941 8
1738680957506 0.03250163793563843 9
1738681032876 0.0016660781111568213 0
1738681032896 6.485521589638665e-05 1
1738681032916 3.67713391824509e-06 2
1738681032938 8.161244409166102e-07 3
1738681032958 3.6679779213955044e-08 4
1738681032977 1.8339887830620683e-08 5
1738681032996 0.0 6
1738681033015 0.0 7
1738681033035 0.0 8
1738681033054 0.0 9
