1738690258758 0.0 0
1738690258785 1.0 1
1738690258805 2.0 2
1738690258839 3.0 3
1738690258871 4.0 4
1738690258912 5.0 5
1738690258937 6.0 6
1738690258959 7.0 7
1738690258978 8.0 8
1738690258999 9.0 9
1738690268086 0.0 0
1738690268119 1.0 1
1738690268159 2.0 2
1738690268184 3.0 3
1738690268206 4.0 4
1738690268226 5.0 5
1738690268253 6.0 6
1738690268278 7.0 7
1738690268305 8.0 8
1738690268334 9.0 9
1738690273769 0.0 0
1738690273790 1.0 1
1738690273816 2.0 2
1738690273837 3.0 3
1738690273860 4.0 4
1738690273882 5.0 5
1738690273904 6.0 6
1738690273927 7.0 7
1738690273948 8.0 8
1738690273969 9.0 9
