1738690258758 0.23436304926872253 0
1738690258785 0.20486539602279663 1
1738690258805 0.12246180325746536 2
1738690258839 0.08692090213298798 3
1738690258871 0.06576991081237793 4
1738690258912 0.03946731984615326 5
1738690258937 0.02577861025929451 6
1738690258959 0.010960726998746395 7
1738690258978 0.006430377718061209 8
1738690258999 0.003698943881317973 9
1738690268086 0.8547403812408447 0
1738690268119 1.2994098663330078 1
1738690268159 2.215796947479248 2
1738690268184 0.8997610807418823 3
1738690268206 0.20327416062355042 4
1738690268226 1.2925537824630737 5
1738690268253 0.027513422071933746 6
1738690268278 0.736254096031189 7
1738690268305 0.6062125563621521 8
1738690268334 0.26198819279670715 9
1738690273769 0.6740427017211914 0
1738690273790 0.6139541864395142 1
1738690273816 0.6784222722053528 2
1738690273837 0.43755149841308594 3
1738690273860 0.44789057970046997 4
1738690273882 0.4873799681663513 5
1738690273904 0.3510378301143646 6
1738690273927 0.3650476038455963 7
1738690273948 0.306292325258255 8
1738690273969 0.2657354176044464 9
