1738150918335 0.0 0
1738150918361 1.0 1
1738150918381 2.0 2
1738150918407 3.0 3
1738150918437 4.0 4
1738150918466 5.0 5
1738150918485 6.0 6
1738150918504 7.0 7
1738150918527 8.0 8
1738150918545 9.0 9
1738150975625 0.0 0
1738150975657 1.0 1
1738150975679 2.0 2
1738150975699 3.0 3
1738150975718 4.0 4
1738150975738 5.0 5
1738150975757 6.0 6
1738150975776 7.0 7
1738150975795 8.0 8
1738150975814 9.0 9
1738151032152 0.0 0
1738151032172 1.0 1
1738151032191 2.0 2
1738151032211 3.0 3
1738151032230 4.0 4
1738151032249 5.0 5
1738151032269 6.0 6
1738151032288 7.0 7
1738151032307 8.0 8
1738151032326 9.0 9
1738151088370 0.0 0
1738151088390 1.0 1
1738151088413 2.0 2
1738151088444 3.0 3
1738151088469 4.0 4
1738151088498 5.0 5
1738151088518 6.0 6
1738151088541 7.0 7
1738151088561 8.0 8
1738151088580 9.0 9
1738151145447 0.0 0
1738151145468 1.0 1
1738151145491 2.0 2
1738151145512 3.0 3
1738151145533 4.0 4
1738151145554 5.0 5
1738151145573 6.0 6
1738151145599 7.0 7
1738151145621 8.0 8
1738151145648 9.0 9
1738151189380 0.0 0
1738151189399 1.0 1
1738151189420 2.0 2
1738151189439 3.0 3
1738151189459 4.0 4
1738151189481 5.0 5
1738151189511 6.0 6
1738151189530 7.0 7
1738151189553 8.0 8
1738151189576 9.0 9
1738151231551 0.0 0
1738151231564 1.0 1
1738151231578 2.0 2
1738151231594 3.0 3
1738151231609 4.0 4
1738151231622 5.0 5
1738151231636 6.0 6
1738151231649 7.0 7
1738151231663 8.0 8
1738151231676 9.0 9
1738151272632 0.0 0
1738151272652 1.0 1
1738151272672 2.0 2
1738151272692 3.0 3
1738151272711 4.0 4
1738151272731 5.0 5
1738151272751 6.0 6
1738151272771 7.0 7
1738151272795 8.0 8
1738151272814 9.0 9
1738151312297 0.0 0
1738151312310 1.0 1
1738151312323 2.0 2
1738151312337 3.0 3
1738151312351 4.0 4
1738151312365 5.0 5
1738151312379 6.0 6
1738151312394 7.0 7
1738151312408 8.0 8
1738151312422 9.0 9
1738151354031 0.0 0
1738151354045 1.0 1
1738151354061 2.0 2
1738151354075 3.0 3
1738151354089 4.0 4
1738151354102 5.0 5
1738151354115 6.0 6
1738151354128 7.0 7
1738151354142 8.0 8
1738151354155 9.0 9
