1738150918335 0.6122307181358337 0
1738150918361 0.5744434595108032 1
1738150918381 0.5588574409484863 2
1738150918407 0.46187081933021545 3
1738150918437 0.3740236163139343 4
1738150918466 0.23767995834350586 5
1738150918485 0.16106031835079193 6
1738150918504 0.1788756251335144 7
1738150918527 0.11721818894147873 8
1738150918545 0.17868450284004211 9
1738150975625 0.6862115859985352 0
1738150975657 0.3409622311592102 1
1738150975679 0.4894280433654785 2
1738150975699 0.44155099987983704 3
1738150975718 0.535026490688324 4
1738150975738 0.21557249128818512 5
1738150975757 0.1580323874950409 6
1738150975776 0.2291695922613144 7
1738150975795 0.12918147444725037 8
1738150975814 0.07417310774326324 9
1738151032152 0.5423076748847961 0
1738151032172 0.5160391926765442 1
1738151032191 0.340148001909256 2
1738151032211 0.3157208263874054 3
1738151032230 0.1966630071401596 4
1738151032249 0.2572598457336426 5
1738151032269 0.15452715754508972 6
1738151032288 0.1415964812040329 7
1738151032307 0.0914488211274147 8
1738151032326 0.07452400028705597 9
1738151088370 0.8315420150756836 0
1738151088390 0.5700330138206482 1
1738151088413 0.44721367955207825 2
1738151088444 0.5057265758514404 3
1738151088469 0.22057922184467316 4
1738151088498 0.40597784519195557 5
1738151088518 0.15419746935367584 6
1738151088541 0.1615453064441681 7
1738151088561 0.03055773489177227 8
1738151088580 0.14535167813301086 9
1738151145447 0.5062662363052368 0
1738151145468 0.5367721915245056 1
1738151145491 0.9799938201904297 2
1738151145512 0.21039988100528717 3
1738151145533 0.4886287450790405 4
1738151145554 0.21473930776119232 5
1738151145573 0.3445896804332733 6
1738151145599 0.44440972805023193 7
1738151145621 0.21090878546237946 8
1738151145648 0.20357757806777954 9
1738151189380 0.4558880627155304 0
1738151189399 0.4115369915962219 1
1738151189420 0.3783148229122162 2
1738151189439 0.30659472942352295 3
1738151189459 0.12406644225120544 4
1738151189481 0.16219550371170044 5
1738151189511 0.23059138655662537 6
1738151189530 0.027763010933995247 7
1738151189553 0.23579581081867218 8
1738151189576 0.21943950653076172 9
1738151231551 0.3961024284362793 0
1738151231564 0.4342379570007324 1
1738151231578 0.5126608610153198 2
1738151231594 0.28583863377571106 3
1738151231609 0.20575541257858276 4
1738151231622 0.2503942847251892 5
1738151231636 0.1275974065065384 6
1738151231649 0.47447678446769714 7
1738151231663 0.2540556490421295 8
1738151231676 0.22216667234897614 9
1738151272632 0.5117329955101013 0
1738151272652 0.28180021047592163 1
1738151272672 0.3657555878162384 2
1738151272692 0.44861677289009094 3
1738151272711 0.25759366154670715 4
1738151272731 0.3604584336280823 5
1738151272751 0.24248497188091278 6
1738151272771 0.26172125339508057 7
1738151272795 0.4496786892414093 8
1738151272814 0.11116998642683029 9
1738151312297 0.5798264145851135 0
1738151312310 0.4498192071914673 1
1738151312323 0.36309850215911865 2
1738151312337 0.4622926414012909 3
1738151312351 0.4017936587333679 4
1738151312365 0.39972415566444397 5
1738151312379 0.2654910385608673 6
1738151312394 0.32772648334503174 7
1738151312408 0.3400363326072693 8
1738151312422 0.3231925666332245 9
1738151354031 0.4191441833972931 0
1738151354045 0.2712204158306122 1
1738151354061 0.38754451274871826 2
1738151354075 0.4426625370979309 3
1738151354089 0.2064700722694397 4
1738151354102 0.32421737909317017 5
1738151354115 0.191604882478714 6
1738151354128 0.2176007479429245 7
1738151354142 0.29732510447502136 8
1738151354155 0.42024075984954834 9
