1737483456781 0.0 0
1737483456799 1.0 1
1737483456816 2.0 2
1737483456835 3.0 3
1737483456851 4.0 4
1737483456867 5.0 5
1737483456896 6.0 6
1737483456916 7.0 7
1737483456934 8.0 8
1737483456958 9.0 9
1737483522944 0.0 0
1737483522968 1.0 1
1737483522995 2.0 2
1737483523016 3.0 3
1737483523044 4.0 4
1737483523063 5.0 5
1737483523080 6.0 6
1737483523106 7.0 7
1737483523131 8.0 8
1737483523152 9.0 9
1737483590931 0.0 0
1737483590948 1.0 1
1737483590965 2.0 2
1737483590981 3.0 3
1737483591000 4.0 4
1737483591025 5.0 5
1737483591042 6.0 6
1737483591059 7.0 7
1737483591076 8.0 8
1737483591102 9.0 9
1737483649649 0.0 0
1737483649665 1.0 1
1737483649681 2.0 2
1737483649697 3.0 3
1737483649713 4.0 4
1737483649729 5.0 5
1737483649746 6.0 6
1737483649762 7.0 7
1737483649778 8.0 8
1737483649796 9.0 9
1737483725589 0.0 0
1737483725624 1.0 1
1737483725662 2.0 2
1737483725687 3.0 3
1737483725722 4.0 4
1737483725761 5.0 5
1737483725795 6.0 6
1737483725831 7.0 7
1737483725858 8.0 8
1737483725893 9.0 9
1737483788849 0.0 0
1737483788882 1.0 1
1737483788918 2.0 2
1737483788955 3.0 3
1737483788987 4.0 4
1737483789019 5.0 5
1737483789051 6.0 6
1737483789083 7.0 7
1737483789113 8.0 8
1737483789145 9.0 9
1737483858076 0.0 0
1737483858087 1.0 1
1737483858098 2.0 2
1737483858109 3.0 3
1737483858121 4.0 4
1737483858132 5.0 5
1737483858143 6.0 6
1737483858154 7.0 7
1737483858165 8.0 8
1737483858177 9.0 9
1737483913978 0.0 0
1737483913997 1.0 1
1737483914015 2.0 2
1737483914034 3.0 3
1737483914053 4.0 4
1737483914070 5.0 5
1737483914087 6.0 6
1737483914104 7.0 7
1737483914123 8.0 8
1737483914142 9.0 9
