1737483456781 0.7415834665298462 0
1737483456799 0.5828274488449097 1
1737483456816 0.6134754419326782 2
1737483456835 0.593980073928833 3
1737483456851 0.563600480556488 4
1737483456867 0.5587701201438904 5
1737483456896 0.6555678844451904 6
1737483456916 0.47013747692108154 7
1737483456934 0.24005547165870667 8
1737483456958 0.6765555739402771 9
1737483522944 1.0798580646514893 0
1737483522968 0.7458591461181641 1
1737483522995 0.9104115962982178 2
1737483523016 0.6513108015060425 3
1737483523044 0.5240042805671692 4
1737483523063 0.5006998181343079 5
1737483523080 0.3852308392524719 6
1737483523106 0.6072097420692444 7
1737483523131 0.5469099283218384 8
1737483523152 0.7887910604476929 9
1737483590931 0.761816143989563 0
1737483590948 0.5629878640174866 1
1737483590965 0.31309813261032104 2
1737483590981 0.4237847626209259 3
1737483591000 0.6792080998420715 4
1737483591025 0.6124849915504456 5
1737483591042 0.6342203617095947 6
1737483591059 0.42401552200317383 7
1737483591076 0.6657820343971252 8
1737483591102 0.6457959413528442 9
1737483649649 0.20949110388755798 0
1737483649665 0.55137038230896 1
1737483649681 0.5780369639396667 2
1737483649697 0.5221514105796814 3
1737483649713 0.3496033847332001 4
1737483649729 0.2764567732810974 5
1737483649746 0.2530161440372467 6
1737483649762 0.2967345714569092 7
1737483649778 0.4083295166492462 8
1737483649796 0.39211782813072205 9
1737483725589 0.20203979313373566 0
1737483725624 0.6406095027923584 1
1737483725662 0.620743989944458 2
1737483725687 0.2365381121635437 3
1737483725722 0.22069525718688965 4
1737483725761 0.3502943813800812 5
1737483725795 0.3137974441051483 6
1737483725831 0.2680676281452179 7
1737483725858 0.30922552943229675 8
1737483725893 0.509953498840332 9
1737483788849 0.3466492295265198 0
1737483788882 0.389859676361084 1
1737483788918 0.25735753774642944 2
1737483788955 0.41526663303375244 3
1737483788987 0.21104392409324646 4
1737483789019 0.34671539068222046 5
1737483789051 0.2075011134147644 6
1737483789083 0.12027819454669952 7
1737483789113 0.22607079148292542 8
1737483789145 0.43217915296554565 9
1737483858076 0.31204017996788025 0
1737483858087 0.39178964495658875 1
1737483858098 0.2122669517993927 2
1737483858109 0.3098970949649811 3
1737483858121 0.24924013018608093 4
1737483858132 0.19736704230308533 5
1737483858143 0.18757349252700806 6
1737483858154 0.20074456930160522 7
1737483858165 0.122822605073452 8
1737483858177 0.26662710309028625 9
1737483913978 0.24884305894374847 0
1737483913997 0.20599260926246643 1
1737483914015 0.3615104854106903 2
1737483914034 0.30312201380729675 3
1737483914053 0.2288087159395218 4
1737483914070 0.2572229504585266 5
1737483914087 0.1989353597164154 6
1737483914104 0.1180930957198143 7
1737483914123 0.14726263284683228 8
1737483914142 0.14459599554538727 9
