1737049426721 0.0 0
1737049426739 1.0 1
1737049426755 2.0 2
1737049426776 3.0 3
1737049426792 4.0 4
1737049426808 5.0 5
1737049426823 6.0 6
1737049426840 7.0 7
1737049426855 8.0 8
1737049426870 9.0 9
1737049433500 0.0 0
1737049433511 1.0 1
1737049433523 2.0 2
1737049433535 3.0 3
1737049433546 4.0 4
1737049433557 5.0 5
1737049433568 6.0 6
1737049433580 7.0 7
1737049433591 8.0 8
1737049433602 9.0 9
1737049438689 0.0 0
1737049438700 1.0 1
1737049438711 2.0 2
1737049438723 3.0 3
1737049438733 4.0 4
1737049438745 5.0 5
1737049438757 6.0 6
1737049438767 7.0 7
1737049438778 8.0 8
1737049438790 9.0 9
1737049444920 0.0 0
1737049444934 1.0 1
1737049444950 2.0 2
1737049444966 3.0 3
1737049444981 4.0 4
1737049444996 5.0 5
1737049445013 6.0 6
1737049445029 7.0 7
1737049445044 8.0 8
1737049445066 9.0 9
1737049451329 0.0 0
1737049451340 1.0 1
1737049451351 2.0 2
1737049451364 3.0 3
1737049451374 4.0 4
1737049451385 5.0 5
1737049451396 6.0 6
1737049451406 7.0 7
1737049451417 8.0 8
1737049451427 9.0 9
1737049457069 0.0 0
1737049457080 1.0 1
1737049457094 2.0 2
1737049457111 3.0 3
1737049457124 4.0 4
1737049457135 5.0 5
1737049457145 6.0 6
1737049457155 7.0 7
1737049457166 8.0 8
1737049457176 9.0 9
1737049464499 0.0 0
1737049464516 1.0 1
1737049464535 2.0 2
1737049464559 3.0 3
1737049464581 4.0 4
1737049464605 5.0 5
1737049464627 6.0 6
1737049464647 7.0 7
1737049464669 8.0 8
1737049464688 9.0 9
1737049470894 0.0 0
1737049470909 1.0 1
1737049470924 2.0 2
1737049470940 3.0 3
1737049470955 4.0 4
1737049470965 5.0 5
1737049470976 6.0 6
1737049470987 7.0 7
1737049470998 8.0 8
1737049471009 9.0 9
1737049476593 0.0 0
1737049476605 1.0 1
1737049476616 2.0 2
1737049476626 3.0 3
1737049476637 4.0 4
1737049476647 5.0 5
1737049476658 6.0 6
1737049476669 7.0 7
1737049476679 8.0 8
1737049476695 9.0 9
1737049484207 0.0 0
1737049484220 1.0 1
1737049484234 2.0 2
1737049484248 3.0 3
1737049484261 4.0 4
1737049484272 5.0 5
1737049484283 6.0 6
1737049484294 7.0 7
1737049484304 8.0 8
1737049484315 9.0 9
