1737049426721 0.6039944887161255 0
1737049426739 0.6416383981704712 1
1737049426755 0.591560423374176 2
1737049426776 0.5806131362915039 3
1737049426792 0.5608823299407959 4
1737049426808 0.5227537751197815 5
1737049426823 0.6129108667373657 6
1737049426840 0.7578753232955933 7
1737049426855 0.6348597407341003 8
1737049426870 0.6726771593093872 9
1737049433500 0.6600284576416016 0
1737049433511 0.6190301179885864 1
1737049433523 0.5201228260993958 2
1737049433535 0.5899640321731567 3
1737049433546 0.4748328626155853 4
1737049433557 0.6165765523910522 5
1737049433568 0.47332003712654114 6
1737049433580 0.6493405103683472 7
1737049433591 0.5174314975738525 8
1737049433602 0.5298821926116943 9
1737049438689 0.5667486190795898 0
1737049438700 0.597702145576477 1
1737049438711 0.596200168132782 2
1737049438723 0.705863893032074 3
1737049438733 0.6476469039916992 4
1737049438745 0.4576707184314728 5
1737049438757 0.5246952176094055 6
1737049438767 0.49401167035102844 7
1737049438778 0.4379778504371643 8
1737049438790 0.653752326965332 9
1737049444920 0.57204270362854 0
1737049444934 0.7337645888328552 1
1737049444950 0.6007906198501587 2
1737049444966 0.6097860932350159 3
1737049444981 0.6788864135742188 4
1737049444996 0.7485179901123047 5
1737049445013 0.5555566549301147 6
1737049445029 0.6649246215820312 7
1737049445044 0.6243133544921875 8
1737049445066 0.5802454352378845 9
1737049451329 0.7177106142044067 0
1737049451340 0.4931899309158325 1
1737049451351 0.6231144666671753 2
1737049451364 0.5085873603820801 3
1737049451374 0.41988909244537354 4
1737049451385 0.6568876504898071 5
1737049451396 0.6411101222038269 6
1737049451406 0.4412323832511902 7
1737049451417 0.8240266442298889 8
1737049451427 0.4267716705799103 9
1737049457069 0.38170889019966125 0
1737049457080 0.6724213361740112 1
1737049457094 0.5306863188743591 2
1737049457111 0.4201391041278839 3
1737049457124 0.5500943660736084 4
1737049457135 0.33274075388908386 5
1737049457145 0.45603233575820923 6
1737049457155 0.4954974949359894 7
1737049457166 0.366388201713562 8
1737049457176 0.4158421754837036 9
1737049464499 0.3991486430168152 0
1737049464516 0.5914259552955627 1
1737049464535 0.530481219291687 2
1737049464559 0.43765050172805786 3
1737049464581 0.4573022723197937 4
1737049464605 0.5619818568229675 5
1737049464627 0.4217691719532013 6
1737049464647 0.5436466932296753 7
1737049464669 0.3733619451522827 8
1737049464688 0.36669838428497314 9
1737049470894 0.44350510835647583 0
1737049470909 0.46271148324012756 1
1737049470924 0.5489811897277832 2
1737049470940 0.42298588156700134 3
1737049470955 0.3702618479728699 4
1737049470965 0.6606266498565674 5
1737049470976 0.4513298273086548 6
1737049470987 0.5216425657272339 7
1737049470998 0.5109537243843079 8
1737049471009 0.5128892660140991 9
1737049476593 0.5025571584701538 0
1737049476605 0.4083159267902374 1
1737049476616 0.451200008392334 2
1737049476626 0.5654000639915466 3
1737049476637 0.47164425253868103 4
1737049476647 0.5706247687339783 5
1737049476658 0.5677320957183838 6
1737049476669 0.47871530055999756 7
1737049476679 0.4632752239704132 8
1737049476695 0.46108442544937134 9
1737049484207 0.45635101199150085 0
1737049484220 0.6403080821037292 1
1737049484234 0.3555564284324646 2
1737049484248 0.36321166157722473 3
1737049484261 0.43667519092559814 4
1737049484272 0.49657347798347473 5
1737049484283 0.34111639857292175 6
1737049484294 0.543342649936676 7
1737049484304 0.4624963402748108 8
1737049484315 0.6306617259979248 9
