1737050310758 0.0 0
1737050310770 1.0 1
1737050310782 2.0 2
1737050310793 3.0 3
1737050310804 4.0 4
1737050310815 5.0 5
1737050310826 6.0 6
1737050310840 7.0 7
1737050310851 8.0 8
1737050310861 9.0 9
1737050325394 0.0 0
1737050325405 1.0 1
1737050325415 2.0 2
1737050325426 3.0 3
1737050325437 4.0 4
1737050325452 5.0 5
1737050325470 6.0 6
1737050325480 7.0 7
1737050325491 8.0 8
1737050325502 9.0 9
1737050332057 0.0 0
1737050332081 1.0 1
1737050332097 2.0 2
1737050332117 3.0 3
1737050332135 4.0 4
1737050332152 5.0 5
1737050332167 6.0 6
1737050332184 7.0 7
1737050332201 8.0 8
1737050332219 9.0 9
1737050338639 0.0 0
1737050338650 1.0 1
1737050338662 2.0 2
1737050338679 3.0 3
1737050338694 4.0 4
1737050338709 5.0 5
1737050338723 6.0 6
1737050338737 7.0 7
1737050338748 8.0 8
1737050338759 9.0 9
1737050344069 0.0 0
1737050344080 1.0 1
1737050344090 2.0 2
1737050344100 3.0 3
1737050344111 4.0 4
1737050344122 5.0 5
1737050344133 6.0 6
1737050344146 7.0 7
1737050344160 8.0 8
1737050344171 9.0 9
1737050350721 0.0 0
1737050350738 1.0 1
1737050350754 2.0 2
1737050350769 3.0 3
1737050350785 4.0 4
1737050350800 5.0 5
1737050350816 6.0 6
1737050350832 7.0 7
1737050350850 8.0 8
1737050350864 9.0 9
1737050357650 0.0 0
1737050357660 1.0 1
1737050357670 2.0 2
1737050357680 3.0 3
1737050357690 4.0 4
1737050357701 5.0 5
1737050357712 6.0 6
1737050357723 7.0 7
1737050357734 8.0 8
1737050357744 9.0 9
1737050363110 0.0 0
1737050363133 1.0 1
1737050363155 2.0 2
1737050363172 3.0 3
1737050363189 4.0 4
1737050363204 5.0 5
1737050363220 6.0 6
1737050363235 7.0 7
1737050363251 8.0 8
1737050363266 9.0 9
1737050370745 0.0 0
1737050370765 1.0 1
1737050370784 2.0 2
1737050370802 3.0 3
1737050370819 4.0 4
1737050370835 5.0 5
1737050370853 6.0 6
1737050370872 7.0 7
1737050370890 8.0 8
1737050370911 9.0 9
1737050377313 0.0 0
1737050377325 1.0 1
1737050377336 2.0 2
1737050377347 3.0 3
1737050377357 4.0 4
1737050377374 5.0 5
1737050377391 6.0 6
1737050377402 7.0 7
1737050377412 8.0 8
1737050377423 9.0 9
