1737050310758 0.543632447719574 0
1737050310770 0.5877971649169922 1
1737050310782 0.5394632816314697 2
1737050310793 0.5588291883468628 3
1737050310804 0.5098215341567993 4
1737050310815 0.6051968932151794 5
1737050310826 0.5994074940681458 6
1737050310840 0.6952130794525146 7
1737050310851 0.6065005660057068 8
1737050310861 0.6718931198120117 9
1737050325394 0.6558099985122681 0
1737050325405 0.5698844194412231 1
1737050325415 0.5048778057098389 2
1737050325426 0.6587982773780823 3
1737050325437 0.5552136301994324 4
1737050325452 0.43440675735473633 5
1737050325470 0.5423328876495361 6
1737050325480 0.5479542016983032 7
1737050325491 0.48197805881500244 8
1737050325502 0.5879701972007751 9
1737050332057 0.6017954349517822 0
1737050332081 0.6862766742706299 1
1737050332097 0.6883535981178284 2
1737050332117 0.751021683216095 3
1737050332135 0.5308605432510376 4
1737050332152 0.6058549284934998 5
1737050332167 0.49748751521110535 6
1737050332184 0.5923655033111572 7
1737050332201 0.6427182555198669 8
1737050332219 0.5940217971801758 9
1737050338639 0.529757559299469 0
1737050338650 0.3398192822933197 1
1737050338662 0.5875843167304993 2
1737050338679 0.624829888343811 3
1737050338694 0.6923703551292419 4
1737050338709 0.7910629510879517 5
1737050338723 0.47916480898857117 6
1737050338737 0.5613272190093994 7
1737050338748 0.5054603815078735 8
1737050338759 0.5142547488212585 9
1737050344069 0.8006396889686584 0
1737050344080 0.3429144024848938 1
1737050344090 0.4275153875350952 2
1737050344100 0.4293399453163147 3
1737050344111 0.6590551137924194 4
1737050344122 0.5462998151779175 5
1737050344133 0.49592888355255127 6
1737050344146 0.5478165149688721 7
1737050344160 0.6941213011741638 8
1737050344171 0.41338178515434265 9
1737050350721 0.494768887758255 0
1737050350738 0.6987768411636353 1
1737050350754 0.5048582553863525 2
1737050350769 0.4893530011177063 3
1737050350785 0.4083824157714844 4
1737050350800 0.5656928420066833 5
1737050350816 0.4160027503967285 6
1737050350832 0.557336688041687 7
1737050350850 0.3995644152164459 8
1737050350864 0.36613497138023376 9
1737050357650 0.5243657231330872 0
1737050357660 0.5367475748062134 1
1737050357670 0.4418867230415344 2
1737050357680 0.42544159293174744 3
1737050357690 0.4230120778083801 4
1737050357701 0.5434792637825012 5
1737050357712 0.5199136137962341 6
1737050357723 0.3749637007713318 7
1737050357734 0.5313042402267456 8
1737050357744 0.43630340695381165 9
1737050363110 0.45258110761642456 0
1737050363133 0.6122925281524658 1
1737050363155 0.6052983999252319 2
1737050363172 0.5321670770645142 3
1737050363189 0.7014869451522827 4
1737050363204 0.6419586539268494 5
1737050363220 0.6458384394645691 6
1737050363235 0.3570963442325592 7
1737050363251 0.47120365500450134 8
1737050363266 0.5547106266021729 9
1737050370745 0.6993893980979919 0
1737050370765 0.3819138705730438 1
1737050370784 0.5374678373336792 2
1737050370802 0.5251225233078003 3
1737050370819 0.6274484992027283 4
1737050370835 0.536545991897583 5
1737050370853 0.6487014293670654 6
1737050370872 0.5183386206626892 7
1737050370890 0.6212154030799866 8
1737050370911 0.4375230371952057 9
1737050377313 0.5321568250656128 0
1737050377325 0.48025041818618774 1
1737050377336 0.4040795564651489 2
1737050377347 0.6200762391090393 3
1737050377357 0.3833934962749481 4
1737050377374 0.30028459429740906 5
1737050377391 0.5347180962562561 6
1737050377402 0.4834958612918854 7
1737050377412 0.2423173040151596 8
1737050377423 0.25103041529655457 9
