1738665015522 0.0 0
1738665015542 1.0 1
1738665015560 2.0 2
1738665015578 3.0 3
1738665015600 4.0 4
1738665015618 5.0 5
1738665015637 6.0 6
1738665015657 7.0 7
1738665015674 8.0 8
1738665015700 9.0 9
1738665091451 0.0 0
1738665091471 1.0 1
1738665091492 2.0 2
1738665091512 3.0 3
1738665091536 4.0 4
1738665091556 5.0 5
1738665091569 6.0 6
1738665091581 7.0 7
1738665091593 8.0 8
1738665091606 9.0 9
1738665170470 0.0 0
1738665170487 1.0 1
1738665170505 2.0 2
1738665170522 3.0 3
1738665170540 4.0 4
1738665170556 5.0 5
1738665170568 6.0 6
1738665170580 7.0 7
1738665170592 8.0 8
1738665170607 9.0 9
1738665253014 0.0 0
1738665253034 1.0 1
1738665253058 2.0 2
1738665253078 3.0 3
1738665253097 4.0 4
1738665253114 5.0 5
1738665253132 6.0 6
1738665253151 7.0 7
1738665253170 8.0 8
1738665253187 9.0 9
1738665334971 0.0 0
1738665334989 1.0 1
1738665335010 2.0 2
1738665335032 3.0 3
1738665335059 4.0 4
1738665335084 5.0 5
1738665335112 6.0 6
1738665335133 7.0 7
1738665335163 8.0 8
1738665335188 9.0 9
1738665419506 0.0 0
1738665419524 1.0 1
1738665419544 2.0 2
1738665419563 3.0 3
1738665419585 4.0 4
1738665419604 5.0 5
1738665419621 6.0 6
1738665419638 7.0 7
1738665419657 8.0 8
1738665419674 9.0 9
1738665506594 0.0 0
1738665506618 1.0 1
1738665506637 2.0 2
1738665506658 3.0 3
1738665506676 4.0 4
1738665506695 5.0 5
1738665506717 6.0 6
1738665506736 7.0 7
1738665506754 8.0 8
1738665506772 9.0 9
