1738665015522 0.7685654759407043 0
1738665015542 0.45379671454429626 1
1738665015560 0.3323855996131897 2
1738665015578 0.2609941363334656 3
1738665015600 0.14778688549995422 4
1738665015618 0.19158302247524261 5
1738665015637 0.09722484648227692 6
1738665015657 0.07381720840930939 7
1738665015674 0.08046907931566238 8
1738665015700 0.05399290844798088 9
1738665091451 0.4859910309314728 0
1738665091471 0.26986196637153625 1
1738665091492 0.20788179337978363 2
1738665091512 0.16757872700691223 3
1738665091536 0.12034779042005539 4
1738665091556 0.15707705914974213 5
1738665091569 0.06565073132514954 6
1738665091581 0.048351697623729706 7
1738665091593 0.03367551416158676 8
1738665091606 0.02664102241396904 9
1738665170470 0.23556841909885406 0
1738665170487 0.387494295835495 1
1738665170505 0.08776947855949402 2
1738665170522 0.0941399484872818 3
1738665170540 0.10086793452501297 4
1738665170556 0.0435006283223629 5
1738665170568 0.10203751921653748 6
1738665170580 0.0735093355178833 7
1738665170592 0.028531638905405998 8
1738665170607 0.011276289820671082 9
1738665253014 0.41835111379623413 0
1738665253034 0.19522793591022491 1
1738665253058 0.15930522978305817 2
1738665253078 0.11614637076854706 3
1738665253097 0.06780237704515457 4
1738665253114 0.09998174756765366 5
1738665253132 0.03334689140319824 6
1738665253151 0.026607196778059006 7
1738665253170 0.012393342331051826 8
1738665253187 0.013904773630201817 9
1738665334971 0.36202701926231384 0
1738665334989 0.25769755244255066 1
1738665335010 0.16375596821308136 2
1738665335032 0.08190976828336716 3
1738665335059 0.08195604383945465 4
1738665335084 0.054459068924188614 5
1738665335112 0.04227183386683464 6
1738665335133 0.027010025456547737 7
1738665335163 0.02094098925590515 8
1738665335188 0.0193403922021389 9
1738665419506 0.13376499712467194 0
1738665419524 0.14061850309371948 1
1738665419544 0.039667293429374695 2
1738665419563 0.03485003486275673 3
1738665419585 0.019582737237215042 4
1738665419604 0.011985067278146744 5
1738665419621 0.009288154542446136 6
1738665419638 0.005657981149852276 7
1738665419657 0.004218521062284708 8
1738665419674 0.0021649072878062725 9
1738665506594 0.22904494404792786 0
1738665506618 0.04427772015333176 1
1738665506637 0.025166790932416916 2
1738665506658 0.012612954713404179 3
1738665506676 0.009311942383646965 4
1738665506695 0.004829063545912504 5
1738665506717 0.002274925820529461 6
1738665506736 0.0027580319438129663 7
1738665506754 0.0018444459419697523 8
1738665506772 0.0011107894824817777 9
