1738760607782 0.0 0
1738760607797 1.0 1
1738760607812 2.0 2
1738760607827 3.0 3
1738760607843 4.0 4
1738760607857 5.0 5
1738760607872 6.0 6
1738760607887 7.0 7
1738760607902 8.0 8
1738760607918 9.0 9
1738760667925 0.0 0
1738760667964 1.0 1
1738760667990 2.0 2
1738760668021 3.0 3
1738760668047 4.0 4
1738760668070 5.0 5
1738760668101 6.0 6
1738760668129 7.0 7
1738760668150 8.0 8
1738760668177 9.0 9
1738760722075 0.0 0
1738760722121 1.0 1
1738760722145 2.0 2
1738760722171 3.0 3
1738760722195 4.0 4
1738760722220 5.0 5
1738760722243 6.0 6
1738760722268 7.0 7
1738760722293 8.0 8
1738760722318 9.0 9
1738760776916 0.0 0
1738760776946 1.0 1
1738760776981 2.0 2
1738760777023 3.0 3
1738760777055 4.0 4
1738760777090 5.0 5
1738760777120 6.0 6
1738760777152 7.0 7
1738760777184 8.0 8
1738760777209 9.0 9
1738760868666 0.0 0
1738760868689 1.0 1
1738760868713 2.0 2
1738760868728 3.0 3
1738760868743 4.0 4
1738760868759 5.0 5
1738760868774 6.0 6
1738760868789 7.0 7
1738760868805 8.0 8
1738760868819 9.0 9
1738760956337 0.0 0
1738760956363 1.0 1
1738760956397 2.0 2
1738760956421 3.0 3
1738760956445 4.0 4
1738760956469 5.0 5
1738760956498 6.0 6
1738760956531 7.0 7
1738760956560 8.0 8
1738760956588 9.0 9
1738761014435 0.0 0
1738761014458 1.0 1
1738761014489 2.0 2
1738761014514 3.0 3
1738761014540 4.0 4
1738761014563 5.0 5
1738761014587 6.0 6
1738761014612 7.0 7
1738761014636 8.0 8
1738761014660 9.0 9
1738761078012 0.0 0
1738761078038 1.0 1
1738761078071 2.0 2
1738761078098 3.0 3
1738761078129 4.0 4
1738761078156 5.0 5
1738761078182 6.0 6
1738761078211 7.0 7
1738761078235 8.0 8
1738761078260 9.0 9
1738761138328 0.0 0
1738761138359 1.0 1
1738761138388 2.0 2
1738761138418 3.0 3
1738761138442 4.0 4
1738761138464 5.0 5
1738761138485 6.0 6
1738761138510 7.0 7
1738761138535 8.0 8
1738761138576 9.0 9
1738761199971 0.0 0
1738761199999 1.0 1
1738761200023 2.0 2
1738761200046 3.0 3
1738761200069 4.0 4
1738761200094 5.0 5
1738761200125 6.0 6
1738761200158 7.0 7
1738761200186 8.0 8
1738761200209 9.0 9
