1738760607782 0.38427531719207764 0
1738760607797 0.7612656950950623 1
1738760607812 0.44295069575309753 2
1738760607827 0.23477743566036224 3
1738760607843 0.11487141251564026 4
1738760607857 0.4622913897037506 5
1738760607872 0.4233330190181732 6
1738760607887 0.2293369472026825 7
1738760607902 0.15492092072963715 8
1738760607918 0.16667626798152924 9
1738760667925 0.2638316750526428 0
1738760667964 0.24772128462791443 1
1738760667990 0.18695999681949615 2
1738760668021 0.10287433117628098 3
1738760668047 0.09495384246110916 4
1738760668070 0.06494848430156708 5
1738760668101 0.046088967472314835 6
1738760668129 0.02343946509063244 7
1738760668150 0.03576642647385597 8
1738760668177 0.018078792840242386 9
1738760722075 0.29077890515327454 0
1738760722121 0.14055076241493225 1
1738760722145 0.1610267013311386 2
1738760722171 0.12624499201774597 3
1738760722195 0.09161388128995895 4
1738760722220 0.06778457015752792 5
1738760722243 0.05864270031452179 6
1738760722268 0.057093121111392975 7
1738760722293 0.03670872747898102 8
1738760722318 0.031962599605321884 9
1738760776916 0.21602709591388702 0
1738760776946 0.15620462596416473 1
1738760776981 0.1328161656856537 2
1738760777023 0.09684950858354568 3
1738760777055 0.1177571564912796 4
1738760777090 0.07144790887832642 5
1738760777120 0.053529705852270126 6
1738760777152 0.05706339702010155 7
1738760777184 0.032921336591243744 8
1738760777209 0.030324390158057213 9
1738760868666 1.2657824754714966 0
1738760868689 1.1769325733184814 1
1738760868713 0.511254072189331 2
1738760868728 1.1031992435455322 3
1738760868743 0.4202090799808502 4
1738760868759 0.4942770004272461 5
1738760868774 0.33427688479423523 6
1738760868789 0.3290087878704071 7
1738760868805 0.18478845059871674 8
1738760868819 0.0588873066008091 9
1738760956337 0.25741034746170044 0
1738760956363 0.27332165837287903 1
1738760956397 0.3532440960407257 2
1738760956421 0.117799773812294 3
1738760956445 0.2970113158226013 4
1738760956469 0.1458190679550171 5
1738760956498 0.08379030227661133 6
1738760956531 0.0850917175412178 7
1738760956560 0.11888343840837479 8
1738760956588 0.08659737557172775 9
1738761014435 0.008241248317062855 0
1738761014458 0.0012303889961913228 1
1738761014489 0.0001705012546153739 2
1738761014514 6.268181459745392e-05 3
1738761014540 4.1600440454203635e-05 4
1738761014563 1.1994105079793371e-05 5
1738761014587 1.4671879853267455e-06 6
1738761014612 1.2471108448153245e-06 7
1738761014636 8.161238724824216e-07 8
1738761014660 4.12647352732165e-07 9
1738761078012 0.3930853605270386 0
1738761078038 0.14461316168308258 1
1738761078071 0.060569483786821365 2
1738761078098 0.11700557172298431 3
1738761078129 0.1005290225148201 4
1738761078156 0.0852014571428299 5
1738761078182 0.058706361800432205 6
1738761078211 0.03504554182291031 7
1738761078235 0.03496083989739418 8
1738761078260 0.017778610810637474 9
1738761138328 0.004536646418273449 0
1738761138359 0.0009149337420240045 1
1738761138388 0.002479880815371871 2
1738761138418 0.001074485364370048 3
1738761138442 2.3042903194436803e-05 4
1738761138464 3.0077292194619076e-06 5
1738761138485 2.549222472225665e-06 6
1738761138510 9.16994338240329e-08 7
1738761138535 3.4845763252633333e-07 8
1738761138576 1.283791846162785e-07 9
1738761199971 0.003649304388090968 0
1738761199999 2.3527511075371876e-05 1
1738761200023 0.0023051213938742876 2
1738761200046 0.0001153668126789853 3
1738761200069 0.0006254222826100886 4
1738761200094 1.8339887830620683e-08 5
1738761200125 3.026078161383339e-07 6
1738761200158 2.7509834410466283e-08 7
1738761200186 4.584971691201645e-08 8
1738761200209 6.418959230813925e-08 9
