1738690515667 0.0 0
1738690515688 1.0 1
1738690515702 2.0 2
1738690515716 3.0 3
1738690515728 4.0 4
1738690515742 5.0 5
1738690515755 6.0 6
1738690515772 7.0 7
1738690515792 8.0 8
1738690515812 9.0 9
1738690523707 0.0 0
1738690523731 1.0 1
1738690523754 2.0 2
1738690523781 3.0 3
1738690523811 4.0 4
1738690523837 5.0 5
1738690523862 6.0 6
1738690523880 7.0 7
1738690523898 8.0 8
1738690523921 9.0 9
1738690530045 0.0 0
1738690530065 1.0 1
1738690530086 2.0 2
1738690530104 3.0 3
1738690530124 4.0 4
1738690530143 5.0 5
1738690530162 6.0 6
1738690530181 7.0 7
1738690530200 8.0 8
1738690530220 9.0 9
