1738690515667 0.7013320326805115 0
1738690515688 0.6611646413803101 1
1738690515702 0.609061598777771 2
1738690515716 0.5777523517608643 3
1738690515728 0.6219339966773987 4
1738690515742 0.5416918396949768 5
1738690515755 0.5163853168487549 6
1738690515772 0.5973801016807556 7
1738690515792 0.46256497502326965 8
1738690515812 0.4608635902404785 9
1738690523707 0.3093567490577698 0
1738690523731 0.31851726770401 1
1738690523754 0.28360486030578613 2
1738690523781 0.2284546047449112 3
1738690523811 0.2078847885131836 4
1738690523837 0.1351415067911148 5
1738690523862 0.11672274768352509 6
1738690523880 0.07968771457672119 7
1738690523898 0.0799718052148819 8
1738690523921 0.07612457871437073 9
1738690530045 0.003012891625985503 0
1738690530065 0.0005350764840841293 1
1738690530086 0.00020879902876913548 2
1738690530104 8.049720054259524e-05 3
1738690530124 4.669968257076107e-05 4
1738690530143 1.5221854482661001e-05 5
1738690530162 7.83107134338934e-06 6
1738690530181 4.465736310521606e-06 7
1738690530200 1.2471112995626754e-06 8
1738690530220 8.16124497760029e-07 9
